0000010000000011100000000110000000011000000111100000111111000011111100001111100000111110000001110000
0000010000000001100000000110000000011000000111110000111111000011111100001111110000111110000001111000
0000110000000011100000001110000000011000000111100000011111000011111100001111100000111110000011111000
0000011000000001100000000110000000011000000011110000011111000011111100001111110000111111000011111000
0000011000000001100000000110000000011000000111100000111111000011111100001111100000011110000001111000
0000011000000001100000000110000000011000000111110000111111000011111100001111100000111110000001110000
0000011000000001100000000110000000011000000111100000011111000011111100000111100000011110000001111000
0000011000000001100000000110000000011000000111110000011111000001111100001111100000111110000011100000
0000011000000001100000001110000001111100000111110000011111000001111000001111100000111100000011000000
0000011000000001100000000110000000011000000111100000011111000001111100001111100000111110000011111000
0000011000000001100000000110000000011000000011100000011111000011111100001111110000011110000001111000
0000110000000011000000001110000000111000000111110000011111000001111000000111100000111110000011100000
0000011000000001100000000110000000011000000111110000011111000011111100001111110000111110000011111000
0000011000000001100000000110000000011000000011110000011111000001111100001111110000111111000011111000
0000011000000001100000000110000000011000000111110000011111000001111100001111110000111110000011111000
0000110000000011000000001110000000111000000111100000111111000011111000000111100000011110000001111000
0000011000000001100000000110000000011000000011110000011111100011111110011111110001111111000111111000
0000110000000011100000000110000000011000000111110000011111000011111100001111110000111111000011111000
0000110000000011000000001110000000011000000111110000011111000011111100000111110000011110000001111000
0000100000000011000000001110000000111000000111110000111111000011111100001111110000011110000001111000
0001100000000111000000011100000000111000001111110000111111000011111100001111110000011111000001111000
0000110000000011100000000110000000011000000111100000111111000011111000000111100000011110000001111000
0000010000000001100000000110000000011000000111100000011111000011111000000111100000111110000011111000
0000010000000001100000000110000000011000000111100000011111000011111000000111100000111110000001111000
0000011000000001100000000110000000011000000111100000111111000011111000000111100000011110000001110000
0000010000000001100000000110000000011000000111100000111111000011111000000111100000111110000001111000
0000110000000011000000001110000000011000000111100000111111000011111100000111100000011110000001111000
0000011000000001100000000110000000011000000111100000011111000001111100001111110000111110000011111000
0000110000000011000000001100000000011000000011110000011111000001111100001111110000111111000011111000
0000110000000011000000001110000000111000000111110000111111000011111100000111110000011110000001111000
0000010000000001100000000110000000011000000011110000011111000011111100001111110000111111000011111000
0000010000000001100000000110000000111000000011110000011111000011111100001111110000111111000011110000
0000010000000001100000000110000000011000000111110000111111000011111100000111100000011110000001110000
0000110000000011000000001110000000011000000111110000111111000011111100001111100000011110000001111000
0000110000000011100000001110000000011000000111110000111111000011111100001111100000011110000001111000
0000010000000001100000000110000000011000000111110000011111000011111100001111100000111110000011111000
0000110000000011000000001100000000111000000111110000011111000011111100000111110000111110000011111000
0000110000000011100000001110000000011000000111110000011111000011111100000111110000111110000011111000
0000110000000011000000001100000000111000000111110000011111000001111100001111110000111111000011110000
0000110000000011000000001110000000011000000111100000111111000011111100000111100000011110000001110000
0000110000000011000000001100000000111000000111110000011111000001111100001111110000111110000011110000
0000011000000001100000000110000001111000000111100000011110000001111000000111100000011110000001100000
0001100000000111000000001100000000111000000111100000111111000011111000000111100000011110000001110000
0001100000000111000000001100000000111000000111110000111111000011111000000111100000011110000001110000
0001100000000111000000001110000001111000000111100000111110000011111100000111110000011110000000110000
0000110000000011000000001110000000111000000111110000111111000011111000000111100000011110000001110000
0001100000000111000000001100000000111000000111100000111110000011111100000111110000011110000001110000
0000110000000011000000001110000001111000000111100000111111000011111100000111100000011110000001110000
0001100000000111000000001110000001111000000111110000111111000011111100001111110000011110000000111000
0001100000000111000000001100000000111000000111110000011110000001111100000111110000111111000011110000
0001100000000111000000011100000001111000000111100000111110000011111100000111100000111110000001100000
0001100000000111000000001100000000111000000111110000011111000001111100001111110000111111000011100000
0001100000000110000000011100000000111000000111110000011111000001111100000111110000111111000001110000
0000110000000011100000001110000001111000000111110000111111000011111000000111100000111110000001110000
0000011000000001100000000110000000011000000111100000111111000011111100001111100000111110000001111000
0001100000000111000000001100000000111000000111100000111111000011111100000111100000011110000000111000
0000100000000011000000001100000000111000000111100000011111000011111000000111110000011110000001111000
0000110000000011000000001110000000111000000111110000111111000011111100001111100000011110000001111000
0001100000000111000000011100000000111000000111110000011111000011111100001111110000111111000001111000
0000100000000011000000001100000000111000000111110000111111000011111000000111100000111110000001111000
0000110000000011000000001100000000111000000111110000111111000011111000000111100000011110000001111000
0001100000000111000000001110000000111000000111110000011111000011111000000111100000011111000001111000
0000100000000011000000001110000000111000000111100000011111000011111000000111100000011110000001111000
0001100000000111000000001100000000111000000111110000011111000011111000001111100000011110000001111000
0001100000000111000000011100000000111000000111100000111110000011111100000111110000011111000001110000
0000110000000011000000001110000000111000000111110000011111000011111000000111100000011110000001111000
0000110000000011000000001110000000111000000111110000011111000011111000000111100000011110000001111000
0000010000000011100000000110000000011100000111110000111111000011111100001111110000111110000001111000
0000110000000011100000001110000001111000001111110000111111000011111100001111110000111110000001111000
0000110000000011000000001100000000111000000111100000111110000011111000000111100000011110000001100000
0000010000000001100000000110000001111000000111100000111110000001111000000111100000011100000001100000
0001100000000111000000001100000001111000000111110000011111000001111100001111110000111110000001100000
0000110000000011000000001100000001111000000111100000111110000001111000000111110000011100000001100000
0000110000000011000000001100000001111000000111100000011110000001111000000111100000011100000001100000
0000110000000011000000001110000001111000000111100000011110000001111000000111100000011110000000100000
0000110000000011000000001110000001111000000111100000111110000001111100000111110000011110000001110000
0000110000000011000000001100000001111100000111110000011111000001111100001111110000111110000011100000
0000110000000011100000001110000001111000000111110000011111000011111100001111110000111110000011000000
0000110000000011000000001110000001111000000111100000011110000001111000000111100000011110000001110000
0001100000000111000000001110000001111000000111100000111110000011111100000111110000011111000000110000
0001100000000110000000011100000001111000000111110000111111000011111100000111110000011110000000111000
0001100000000110000000011100000001111000000111100000111111000001111100000111110000011110000001100000
0011000000001110000000111110000001111000000111110000111111000001111100000111110000011110000001110000
0000001100000000110000000011000001111000000111100000111110000011111000000111100000011110000001100000
0000001100000000110000000011000001111000001111100000111110000011111000000111100000011110000001100000
0001100000000111000000011100000001111000000111110000111111000011111100000111100000011110000000100000
0000110000000011000000001110000001111000000111100000011110000001111100000111100000011110000001110000
0000110000000011000000001100000001111000000111110000011111000001111100001111110000111110000011100000
0000100000000011000000001110000001111000000111100000111110000001111100000111100000011110000001110000
0000001100000000110000000111000001111000001111100000111110000011111000001111100000111100000011100000
0000110000000011000000001110000001111100000111110000111111000001111100000111110000011110000001110000
0001100000000111000000001100000001111000000111100000111110000001111000000111100000011110000001100000
0000001100000000110000000011000001111100000111100000111110000011111000000111100000011110000001100000
0000011000000001100000000110000001111100000111110000111111000011111000000111100000011110000001110000
0000110000000011000000001110000001111000000111110000111111000011111100000111110000011110000000111000
0000110000000011000000001100000001111000000111110000011111000001111100001111110000111110000011110000
0000110000000011100000000110000000111000000011111000011111100011111100011111110001111111000011110000
0000010000000001100000000110000000111000000011111000011111100011111110011111111001111111000111110000
0000110000000011000000001110000000111000000111100000111111000011111100000111110000011111000001110000
0000110000000011000000001110000001111000000111100000111111000001111000000111100000011110000001100000
0000110000000011100000000110000000111000000011110000011111000011111100001111110000111111000011110000
0000110000000011000000001110000001111000000111110000111110000001111000000111100000011110000001100000
0001100000000111000000011110000001111000000111110000111111000011111100000111100000011110000000110000
0000110000000011100000001110000001111000000111110000111111000011111100001111100000111110000011110000
0000110000000011000000001110000000111000000111110000111111000011111100001111110000111111000001111000
0000011000000001100000000110000000111100000111110000011111000011111100001111110000111111000001111000
0000110000000011100000001110000001111000000111110000111111000011111100001111110000111110000011110000
0000100000000011000000001110000001111100000111110000111111000011111100000111110000011111000000111000
0000110000000011100000001110000001111000000111110000111111000011111100000111110000011110000001110000
0000010000000001100000000110000000111000000111110000011111000011111100001111110000111111000011110000
0000010000000001100000000110000000111000000111111000011111100011111100001111110001111111000011111000
0001100000000111000000011110000001111000000111110000111111000011111100000111110000011110000000111000
0001100000000111000000011110000001111000001111110000111111000011111100001111110000011111000000110000
0000110000000011100000000110000000111000000111110000011111000011111100001111110000111111000011110000
0001100000000111000000001110000001111000000111110000111111000011111100000111110000011111000001111000
0000111000000011100000001110000001111100000111110000111111000011111100000111110000011111000001111000
0000110000000011000000001100000000111000000111110000011111000011111100001111110000111111000001111000
0000001100000000110000000111000001111100001111110000111111000011111100001111110000111111000011111000
0001100000000111000000011100000001111000000111110000111111000011111100000111110000111111000011111000
0001100000000111000000011100000000111000000111110000111111000011111100000111100000011110000001111000
0000110000000011000000001100000000111000000111110000011111000011111100001111110000111111000011110000
0000110000000011000000001100000000111000000111110000011111000011111100001111110000111111000011111000
0000110000000011000000001100000000111000000111110000011111000011111100001111110000111111000011111000
0000110000000011000000001100000000111000000111110000011111000011111100001111110000111111000011110000
0001100000000111000000011100000000110000000111110000011111000011111100001111110000111110000011110000
0001100000000111000000011100000000111000000111100000011110000011111000000111110000011110000001110000
0001100000000111000000011100000000111000000111100000111110000011111000000111110000011110000001110000
0001100000000110000000011100000000111000000111100000111110000011111100000111110000011111000001110000
0000011000000001100000000110000000111000000111100000011110000011111000000111100000011110000001100000
0000011000000001100000000110000000011000000111100000011110000001111000000111100000011110000001110000
0000011000000001100000000110000000011000000111100000011110000001111000000111100000011110000001110000
0000011000000001100000000110000000011000000111100000011110000001111000000111100000011110000001100000
0000011000000001100000000110000000011000000111100000011110000001111000000111100000011110000001110000
0000011000000001100000000110000000011000000111100000011110000001111000000111100000011110000001110000
0000011000000001100000000110000000011000000111100000011110000001111000000111100000011110000001110000
0000011000000001100000000110000000011000000111100000011110000001111000000111100000011110000001110000
0000011000000001100000000110000000011000000111100000011110000011111000000111100000011110000001110000
0000011000000001100000000110000000011000000111100000011110000001111000000111100000011110000001100000
0000011000000001100000000110000000011000000111100000011110000001111000000111100000011110000001100000
0000011000000001100000000110000000111000000111100000111110000011111000000111110000011110000001100000
0000011000000001100000000110000001111000000111100000111110000011111100000111110000011110000001100000
0000011000000001100000000110000000111000000111100000111110000001111000000111100000011110000001110000
0000011000000001100000000110000001111000000111110000111110000011111100000111110000011110000001100000
0000001100000001110000000110000000111000000111100000111110000011111000000111100000011110000001110000
0000110000000011000000001110000000111000000111100000111111000011111000000111100000011110000000110000
0000110000000011000000001110000000011000000111100000111111000011111100000111100000011110000000110000
0000110000000011000000001110000000011000000111110000011111000011111000000111110000011110000001111000
0000110000000011000000001100000000111000000111110000111110000011111000000111110000011110000001110000
0001110000000111000000001100000000111000000111100000111110000011111000000111110000011111000001111000
0000110000000011000000001110000000011000000111110000011111000011111000000111100000011110000001111000
0000010000000001100000000110000000011000000111100000111111000011111000001111100000011110000001111000
0000110000000011100000001110000000111000000111100000011110000001111000000111100000011110000001110000
0000110000000011000000001110000001111000000111100000111111000011111100000111100000011110000000110000
0000110000000011000000001100000000111000000111110000011110000001111000001111100000111110000001000000
0001100000000111000000001110000000111000000111110000011111000011111100000111100000011110000001111000
0000100000000011000000001110000000111000000111100000011111000011111000000111100000011110000001111000
0000110000000011000000001110000000111000000111100000011110000001111000000111100000011110000001110000
0000011000000001100000000110000000111000000111100000011110000001111000000111100000011110000000100000
0000110000000011100000001110000000011000000111110000111111000011111100000111100000011110000000110000
0000010000000001100000000110000000011000000111100000011110000001111000000111100000011110000000100000
0000011000000001100000000110000000011000000111100000111111000011111000000111100000011110000001110000
0000011000000001100000000110000000111000000111110000111111000001111000000111100000011110000001110000
0000001100000000110000000011000000111000000111100000111110000011111000000111100000011110000001110000
0000001100000001110000000111000000111000000111100000111110000011111000000111100000011110000001110000
0000001000000001110000000111000001111000000111100000111110000011111000000111100000011110000001100000
0000010000000001100000000110000000011000000111100000111111000011111000000111100000011110000000110000
0000011000000001100000000110000000111000000111100000111111000011111000000111100000011110000000110000
0000110000000011100000001110000000111000000111100000111110000001111000000111100000011110000001100000
0000110000000011100000001110000000111000000111100000011110000001111000000111100000011110000001100000
0000110000000011000000001110000001111000000111100000011110000001111000000111100000011110000000100000
0000011000000001100000000110000001111100000111110000111111000001111100000111100000011110000000100000
0000011000000001100000000110000000011000000111100000011110000001111000000111100000011110000001100000
0000110000000011000000001110000000011000000111100000111111000011111000000111100000011110000000110000
0000110000000011000000001110000000111000000111110000111111000011111100000111110000011110000000111000
0000110000000011000000001100000001111000000111100000011110000001111000000111100000011110000001000000
0000110000000011000000001110000000011000000111100000111111000011111000000111100000011110000000100000
0001100000000111000000001100000000111000000111110000111111000011111100000111110000011110000001111000
0000110000000011000000001110000000111000000111100000011110000001111000000111100000011110000001110000
0001100000000111000000001100000000111000000111110000111111000011111100000111100000011110000001111000
0001100000000111000000001110000000111000000111110000111111000011111000000111100000011110000000110000
0001100000000111000000001100000000111000000111100000111111000011111000000111100000011110000000110000
0000110000000011000000001110000000111000000111110000111111000011111100000111100000011110000000111000
0000110000000011100000000110000001111000000111100000111110000001111000000111100000011110000001100000
0001100000000111000000011110000000111000000111110000111111000011111000000111100000011110000000110000
0000110000000011000000001110000000011000000111110000111111000011111100000111100000011110000001111000
0000110000000011000000001110000001111000000111110000111111000011111100000111100000011110000000100000
0000110000000011000000001110000001111000001111100000111110000001111000000111100000011110000001100000
0000110000000011000000001100000001111000000111100000011110000001111000000111100000111110000001100000
0001100000000111000000001110000000111000000111100000111111000001111000000111100000011110000001100000
0000100000000011000000001110000000111000000111110000011111000011111000000111100000011110000001110000
0000110000000011000000001110000000011000000111100000011111000011111100001111100000111110000001111000
0000110000000011100000001110000000011000000011110000011111000011111100001111110000111111000011111000
0000110000000011000000001100000000111000000111110000011111000001111100001111110000111111000001111000
0000001100000000110000000011000000011100000111110000011111000001111100001111110000111111000011111000
0000001100000000110000000011000000011100000111110000011111000001111100001111110000111111000011111000
0000011000000001100000000110000000011000000111110000011111000001111100001111110000111111000011111000
0001100000000110000000011100000000111000000111110000111111000011111100000111110000011111000000111000
0000010000000001100000000110000000011000000111100000011110000001111000000111100000011110000001110000
0000110000000011000000001100000000111000000111100000011110000011111000000111100000011110000001111000
0000100000000011000000001100000000111000000111110000011110000011111000000111110000111110000001111000
0000011000000001100000000110000000011000000111110000011111000001111000000111100000111110000001110000
0000110000000011000000001100000000011000000111100000011110000001111000000111100000011110000001100000
0000110000000011000000001100000000011000000111100000011110000001111000000111100000011110000001100000
0000110000000011000000001100000000111000000111100000011110000001111000000111100000011110000001100000
0000110000000011000000001100000000111000000111100000011110000001111000000111100000011110000001100000
0000110000000011000000001100000000111000000111100000011111000001111100001111100000111110000001111000
0000110000000011000000001100000000111000000111110000011111000011111100001111100000111110000011111000
0001100000000111000000001110000000111000000111110000111111000011111100001111110000011110000000010000
0000110000000011000000001110000000011000000111110000111111000011111100001111100000011110000000110000
0000011000000001100000000110000000011000000111110000011111000001111100001111100000111110000011111000
0000110000000011000000001110000000111000000111110000111111000011111100000111100000011110000001110000
0000011000000001100000000110000000011000000111100000011111000011111100000111100000011110000001110000
0001100000000111000000011100000001111000000111110000111111000011111100001111110000011110000000110000
0000011000000001100000000110000001111000000111110000111111000011111000001111100000111110000011100000
0000110000000011000000001100000000111000000111110000011111000001111100001111110000111110000011100000
0001100000000111000000001100000000111000000111100000111111000011111000000111100000011110000001110000
0000110000000011000000001110000000011000000111100000011110000011111000000111100000011110000000110000
0000110000000011000000001110000000011000000111100000011110000001111000000111100000001110000000110000
0000110000000011000000001110000000011000000111100000011110000001111000000111100000011110000000110000
0001100000000111000000001100000000111000000111100000011110000001111000000111100000011110000000110000
0000110000000011000000001110000001111000000111100000111110000011111000000111100000011110000000110000
0000110000000011000000000110000000011000000111100000011110000001111000000111100000011110000000110000
0000110000000011000000001110000000011000000111100000011110000001111000000111100000011110000000110000
0000011000000001100000000110000000011000000111100000011110000001111000000111100000011110000000110000
0000110000000011000000001110000000111000000111100000011110000001111000000111100000001110000000110000
0000010000000001000000000110000001111000000111100000111110000001111000000111100000001110000000110000
0000011000000001100000000110000001111000000111100000011110000001111000000111100000001110000000110000
0000011000000001100000000110000000111000000111100000011110000001111000000111100000001110000000110000
0000001100000000110000000011000001111000001111100000111110000011111000000111100000011100000001100000
0000010000000011100000000110000001111000000111110000111111000001111000000111100000001110000000110000
0000110000000011000000001110000001111000000111110000111111000001111000000111100000001110000000110000
0000001100000000110000000011000011111000001111100000111110000011111000000111000000011100000001100000
0000110000000011000000001110000001111000000111100000011110000001111000000111100000001110000000110000
0000011000000001100000000110000000111000000111100000111110000001111000000111100000001110000000110000
0000110000000011000000001110000000111000000111100000011110000001111000000111100000011110000000110000
0000110000000011000000001110000000011000000111110000011111000011111100000111100000011110000001111000
0000110000000011000000001110000000111000000111100000111111000011111100001111110000111110000011111000
0000110000000011000000001110000000011000000111100000111111000011111100001111110000111110000001111000
0000110000000011100000001110000000011000000111110000111111000011111100001111100000011110000001111000
0000110000000011100000001110000000011000000111110000111111000011111100000111100000011111000001111000
0001110000000011100000001110000000111000000111110000011111000011111100001111110000011110000001111000
0001110000000011000000001110000000111000000111110000011111000011111100001111100000011110000001111000
0000110000000011100000001110000000111000000111110000111111000011111100001111110000011110000001111000
0000110000000011100000001110000000011100000111110000111111000011111100001111110000111110000001111000
0000111000000011100000000110000000011100000111110000111111000011111100001111110000011110000001111000
0001100000000111000000011110000000111000001111110000111111000011111100001111110000011111000000111000
0000011000000001100000000110000000011100000111110000111111000011111100001111100000111110000011111000
0000011000000001100000000110000000011000000111110000111111000011111100001111100000011110000001111000
0000011000000011100000000110000000011000000111110000111111000011111000000111100000011110000001110000
0000111000001111100000111110000001111100000111110000011111000001111100000111100000011110000001110000
0000110000000011100000001110000000011000000111110000111111000011111100001111110000111110000001111000
0000110000000011100000001110000000011000000111110000111111000011111100000111110000011110000001111000
0000011100000001110000000111000000011100000111110000111111000011111100001111110000011110000001111000
0000011000000001100000000110000000011000000111110000111111000011111100001111110000011110000001111000
0000110000000011100000001110000000011100000111110000111111000011111100001111110000011110000001111000
0000001000000001110000000111000001111100000111110000111111000011111100001111100000111110000001111000
0000110000000011000000001110000001111000000111110000111111000011111100001111100000011110000001111000
0000110000000011100000001110000000011000000111110000111111000011111100001111100000011110000001111000
0000110000000011100000001110000000011000000111110000111111000011111100001111100000011110000001111000
0000110000000011100000001110000000011000000111110000111111000011111100000111100000011110000001111000
0000110000000011000000001110000000011000000111110000111111000011111100001111100000011110000001111000
0000110000000011000000001110000000111000000111110000111111000011111100000111100000011110000001111000
0000100000000011000000001100000000111000000111110000011111000011111100000111100000111110000001110000
0000100000000011000000001110000000111000000111110000111111000011111100000111100000011110000001111000
0000011000000001100000000110000000111000000111110000111111000011111100000111100000011110000001110000
0000010000000001100000000110000000011000000111100000111111000011111100000111100000011110000001110000
0000110000000011100000000110000000011000000111110000111111000011111100000111100000011110000001111000
0000110000000011000000001110000000011000000111110000011111000011111100001111100000011111000001111100
0001100000000111000000001110000000111000000111110000111111000011111100001111110000111110000001111000
0000110000000011000000001110000000011000000111110000011111000011111100001111110000111111000011111100
0000110000000011000000001110000001111000000111100000111111000011111000000111100000011110000001110000
0000110000000011000000001100000001111000000111100000011110000001111000000111100000011110000001100000
0001100000000111000000001100000001111000000111100000011110000001111000000111100000011100000001100000
0001100000000111000000011100000001111000000111100000011110000001111000000111100000011110000001100000
0001100000000111000000001110000000111000000111110000011111000011111000000111100000011110000000110000
0000110000000011100000001110000000011100000111110000111111000011111100001111110000111110000001111000
0000110000000011000000001110000001111000000111110000111111000001111000000111100000011100000001100000
0000110000000011000000001110000001111000000111100000011110000001111000000111100000001110000000100000
0000110000000011000000001110000001111000000111100000011110000001111000000111100000011100000001100000
0001100000000111000000001110000001111000000111100000011110000001111000000111100000011100000001110000
0000110000000011000000000110000001111000000111100000011110000001111000000111100000011100000001100000
0000110000000011000000000110000001111000000111100000011110000001111000000111100000011100000001100000
0000011000000001100000000110000001111000000111100000011110000001111000000111100000011100000001100000
0000011000000001100000000110000001111000000111100000011110000001111000000111100000011100000001100000
0000100000000011000000001100000001111000000111100000011110000001111000000111100000011100000001100000
0000011000000001100000000110000001111000000111100000011110000001111000000111100000011100000001100000
0000110000000011000000001110000001111000000111100000011110000001111000000111100000011100000001100000
0000110000000011000000001110000001111000000111100000011110000001111000000111100000011100000001100000
0000110000000011000000001110000001111000000111100000011110000001111000000111100000011100000001100000
0000110000000011000000001110000001111000000111100000011110000001111000000111100000011100000001100000
0000110000000011000000001100000001111000000111100000011110000001111000000111100000011100000001100000
0000001000000000100000000110000001111000000111100000011110000001111000000111100000011100000001100000
0000001100000000110000000110000001111000000111100000011110000001111000001111100000111000000011100000
0000110000000011100000000110000000011000000111100000011110000001111000000111100000011110000000110000
0000110000000011000000001110000000111000000111100000111111000011111000000111100000011110000001110000
0000011000000001100000000110000001111000000111100000011110000001111000000111100000011110000001110000
0000110000000011000000001110000001111000000111100000011110000001111000000111100000011100000001110000
0000110000000011000000001110000001111000000111100000011110000001111000000111100000001100000000110000
0000110000000011000000001110000001111000000111100000011110000001111000000111100000011100000001100000
0000110000000011000000001110000000111000000111100000011110000001111000000111100000011110000001100000
