100
0000101000000011100000001110000000111000000111100000011110000001111000000111100000011110000001110000
0000101000000011100000001110000000111000000111100000011110000001111000000111100000011110000001110000
0001111000000111100000001110000000111000000111100000011110000001111000000111100000011110000000111000
0001110000000111100000011110000001111000000111100000011110000001111000000111100000011110000000110000
0000101000000010100000001110000000111000000111100000011110000001111000000111100000011110000001111000
0000101000000010100000001110000000111000000111100000011110000001111000000111100000011110000000111000
0000101000000010100000001110000000111000000111100000011110000001111000000111100000011110000001111000
0000110000000011100000001110000000111000000111100000011110000001111000000111100000011110000001110000
0000111000000011100000001110000000111000000111100000011110000001111000000111100000011110000001110000
0000111000000011100000001110000000111000000111100000011110000001111000000111100000011110000001110000
0000101000000010100000001110000000111000000111100000011110000001111000000111100000011110000001110000
0000111000000011100000001110000000111000000111100000011110000001111000000111100000011110000001110000
0001101000000110100000001110000000111000000111100000011110000001111000000111100000011110000001111000
0001101000000110100000001010000000111000000111100000011110000001111000000111100000011110000001110000
0001110000000111000000011100000001110000000111100000011110000001111000000111100000011110000001110000
0000101100000011110000001111000000111000001111100000111110000001111000000111100000011100000001110000
0000101000000011100000001110000000111000000111100000011110000001111000000111100000011110000001111000
0001101000000110100000011010000000111000000011100000111110000011111100000111110000011110000001111000
0000101000000010100000001110000000111000000111100000011110000001111000000111100000011110000001110000
0011011000001101100000011110000001111000000011100000011111000001111100000111110000011111000000111000
0000101000000010100000001110000000111000000111100000011110000001111000000111100000011110000001110000
0000101000000011100000001110000000111000000111100000011110000001111000000111100000011100000001110000
0000011000000001110000000110000000111000000111100000011110000011111000001111100000011110000001110000
0000101000000011110000001110000000111000000111100000011110000011111000001111100000011110000001110000
0000111000000011100000001110000000111000000111100000011110000001111000000111100000011110000001110000
0000101000000011100000001110000000111000000111100000011110000001111000000111100000011110000001110000
0000101000000010100000001110000000111000000111100000011110000001111000000111100000011110000001110000
0000111000000011110000001110000000111000000111100000011110000011111000001111100000011110000001110000
0000101000000011110000001110000000111000000111100000011110000011111000001111100000011110000001110000
0000101000000010110000001110000000111000000111100000011110000011111000001111100000011110000001110000
0000101000000011100000001110000000111000000111100000011110000001111000000111100000011110000001110000
0000101000000010100000001110000000111000000111100000011110000001111000000111100000011110000001110000
0000101000000010100000001110000000111000000111100000011110000001111000000111100000011110000001110000
0000100000000011100000001110000000111000000111100000011110000001111000000111100000011110000001110000
0000111000000011100000001110000000111000000111100000011110000001111000000111100000011110000001110000
0000111000000011100000001110000000111000000111100000011110000001111000000111100000011110000001110000
0000111000000011110000001110000000111000000111100000011110000011111000001111100000011110000001110000
0000111000000011100000001110000000111000000111100000011110000001111000000111100000011110000001110000
0000111000000011100000001110000000111000000111100000011110000011111100001111100000011110000001110000
0000111100000011110000001111000000111100000111100000111110000011111000001111100000111110000011110000
0000110000000011110000001111000000111100000111100000111110000011111000001111100000111100000011110000
0000101000000011100000001110000000111000000111100000011110000001111000000111100000011110000001110000
0000100000000011100000001110000000111000000111100000011110000001111000000111100000011110000001110000
0000101000000011100000001110000000111000000111100000011110000001111000000111100000011110000001110000
0000101000000010100000001110000000111000001111100000111110000011111000001111100000011100000001110000
0000110000000011110000001111000001111100001111100000111110000011111000001111000000111100000001110000
0000110000000011110000001111000001111100001111100000111110000011111000001111000000111100000001110000
0000110000000011110000001111000001111100001111100000111110000011111000001111000000111100000001100000
0000101000000011110000001110000001111000001111100000011110000001111000000111100000011110000001110000
0001111000000111100000011110000001111000000111100000011110000001111000000111100000011110000000111000
0001110000000111000000011100000001110000000111100000011110000001111000000111100000011110000001110000
0001110000000111100000011110000000111000000111100000011110000001111000000111100000011110000001110000
0000100000000010110000001111000000111000000111100000111110000011111000001111100000111100000001110000
0000111000000011100000001110000000111000000111100000011110000001111000000111100000011110000001110000
0000101000000011100000001110000000111000000111100000011110000001111000000111100000011110000001110000
0000010000000001110000001111000000111100001111100000111110000011110000001111000000111100000001100000
0000011000000001110000000111000000111100001111100000111110000011110000001111000000111100000001100000
0000111000000011100000001110000000111000000111100000011110000001111000000111100000011110000001111000
0001110000000111100000011110000000111000000111100000011110000001111000000111100000011110000000111000
0011110000001111000000011100000001111000000111100000011111000001111100000111110000001111000000111000
0011110000001111000000011100000001111000000111100000011111000001111100000111110000001111000000111000
0011110000001111000000011100000001111000000111100000011111000001111100000111110000001111000000111000
0011110000001111000000011100000001111000000111100000011111000001111100000111110000001111000000011000
0010100000001111000000111100000001111000000111110000011111000001111100000011110000001111000000011100
0111100000011111000000111100000001111000000011110000011111000001111110000011111000000111000000011100
0010100000011111000000111100000001111000000111110000011111000001111110000011111000000111000000011100
0011110000001111000000011110000001111000000111110000011111000001111100000011110000001111000000011000
0000101000000011100000001110000000111000000111100000011110000001111000000111100000011110000001110000
0000010000000001010000000111000001111100001111100000111110000011111000001111000000111100000011100000
0000010000000001010000000111000001111100001111110000111110000011111000001111000000111100000011100000
0000001100000000110000000111100011111110001111110001111110000111111000011111000001111000000111000000
0000110000000011110000001111000001111100000111100000111110000011111000001111000000111100000001100000
0000101000000010100000001110000000111000000111100000011110000001111000000111100000011110000001110000
0001111000000111100000001110000000111000000111100000011110000001111000000111100000011110000001111000
0001011000000111100000011110000001111000000111100000011110000001111000000111100000011110000000111000
0001011000000111100000011110000001111000000111100000011110000001111000000111100000011110000000111000
0001011000000111100000011110000001111000000111100000011110000001111000000111100000011110000000111000
0011011000000111100000011110000001111000000111100000011110000001111100000111110000001110000000111000
0000110000001111000000111110000001111000000111110000011111000000111100000011110000000111000000011100
0010110000001111000000011110000001111000000111110000011111000001111100000011110000001111000000011000
0001111000000111100000001110000001111000000111100000011110000001111000000111100000011110000000111000
0000111000000011100000001110000001111000000111100000011110000001111000000111100000011110000000111000
0001101000000110100000011110000001111000000111100000011110000001111000000111100000011110000000111000
0000010000000001110000001111000011111100001111100000111110000011111000001111000000111100000011100000
0000010000000001010000000111000011111100001111100000111110000011110000001111000000111000000011100000
0000011000000001111000000111100011111100001111110000111110000111110000011111000001111000000011100000
0000011000000001111000000101100000111100001111110000111110000111111000011111000001111100000011100000
0000011000000001111000000101100000111100001111110000111110000111111000011111000001111100000011100000
0000010000000001011000001111100000111100001111110000111110000011111000011111000001111100000011100000
0001101000000110100000011110000000111000000111100000011110000001111000000111100000011110000000111000
0011010000001111100000011110000001111000000111100000011111000001111100000111110000001111000000111000
0011010000001111100000011110000001111000000111100000011111000001111100000111110000001111000000111000
0011010000001111100000011110000001111000000111100000011111000001111100000111110000001111000000111000
0011010000001111100000011110000001111000000111100000011111000001111100000111110000001111000000111000
0001101000000110100000001110000000111000000111100000011110000001111000000111100000011110000001111000
0000011000000001100000001111100000110110001111111001111111000111111000011111000001111100000011100000
0000100000000010110000001111000000111000001111100000111110000011111000001111100000011100000001110000
0000100000000010110000001111000000111000001111100000111110000011111000001111100000111100000001110000
0000010000000001000000001101100000111110001111110000111110000111111000011111000001111100000011100000
0000101000000010100000001110000000111000000111100000011110000001111000000111100000011110000001110000
