300
0011111000001111110000111111000011111100001111110000111111000011100000000111000000001100000000110000
0011111000001111110000111111000011111100001111110000111111000001100000000111000000001100000000110000
0001111000000111100000011110000011111100001111110000111111000011111000000111000000011100000001110000
0011110000001111000000111110000011111100001111110000111111000011011100001110000000111000000001100000
0011110000001111000000111100000011111100011111110000111111000011011100001100000000111000000001100000
0011110000001111000000111100000111111100011111111001111111100011011100001110000000111000000001100000
0011110000001111100000111110000011111100001111110000111111000011111000000110000000011100000001100000
0001111000000111100000011111000011111100001111110000111110000001100000000111000000001100000000110000
0011110000001111100000111110000111111100011111111000111111100011111100001111110000011000000001100000
0011110000001111000000111110000111111000011111110001110111000011111100001111110000011111100000001110
0001111000000111100000011111000011111100001111110000111110000001100000000111000000001100000000110000
0001111000000111110000111111000011111100001111110000111111000001100000000111000000001100000000110000
0001111000000111100000011111000011111100001111110000111111000001100000000111000000001100000000110000
0001111000000111100000011110000001111100001111100000111110000001100000000111000000011100000000110000
0001111000000111100000011110000001111100001111100000111110000001100000000111000000011100000000110000
0001111000000111100000011110000001111100001111100000111110000001100000000111000000011100000000110000
0001111000001111100000111110000011111100001111100000111110000001110000000011100000001110000000011000
0001111000000111110000011111000001111100000111110000011111000011100000001100000000110000000011000000
0001111000000111100000011111000001111100000111110000011110000011100000001100000000110000000011000000
0001111000000111100000011110000001111100001111100000111110000011100000000110000000011000000001100000
0001111000000111100000011110000001111100001111100000111110000001100000000110000000011000000001100000
0001111000000111100000011110000001111100001111100000111110000001100000000110000000011000000001100000
0001111000000111100000011110000001111100001111100000111110000001100000000110000000011000000001100000
0001111000000111100000011110000001111100001111100000111110000001100000000110000000011000000001100000
0001111000000111100000011111000001111100001111100000111110000001100000000110000000011000000001100000
0001111000000111100000011111000011111100001111100000111110000001100000000111000000011100000000110000
0001111000001111100000111111000001111100001111100000111110000001100000000111000000011100000000110000
0001111000000111100000111110000011111100001111100000111110000001100000000110000000011000000001100000
0001111000000111100000111111000011111100001111100000011110000001100000000110000000111000000001100000
0001111000000111100000011111000011111100001111100000011110000001100000001110000000111000000011000000
0001111000001111100000111111000011111100001111100000111110000001110000000011000000001100000000110000
0001111000001111100000111111000011111100001111100000011110000001110000000011000000001100000000110000
0001111000001111100000111110000001111100000111100000011110000001110000000011000000001100000000110000
0001110000001111100000111110000011111100001111100000111110000001100000000111000000011100000000110000
0001110000001111100000111110000011111100001111100000111110000001100000000110000000011100000001110000
0001111000001111100000111110000011111100001111100000111110000001100000000111000000011100000000110000
0001111000001111100000111110000011111100001111100000111110000001110000000011000000001100000000110000
0001110000001111100000111111000011111100001111100000111110000001100000000111000000001100000000110000
0011110000001111100000111111000001111100001111100000011110000001110000000111000000001100000000110000
0001111000000111100000111110000001111100001111100000111110000001100000000110000000011100000001110000
0001111000000111100000011110000001111100001111100000111110000001100000000110000000011000000001100000
0001111100000111110000011111000001111100000111110000011111000001100000001110000000110000000011000000
0001110000001111100000111111000001111100000111100000011110000001100000000110000000011000000001100000
0001110000001111100000111111000001111100000111110000011110000000110000000011100000001110000000011000
0001110000001111100000111111000001111100000111100000011110000001100000000111000000011100000001100000
0001110000001111100000111111000001111100000111100000011110000001100000001110000000111000000011000000
0001110000001111100000111111000001111100000111100000011110000001110000000111000000011100000001100000
0001110000001111100000111111000001111100000111100000011110000001100000000111000000011100000000110000
0001110000001111100000111111000001111100000111100000011110000001100000000111000000011100000000110000
0001111000000111110000011111000001111100000111110000011111000001100000001110000000111000000011000000
0001111000001111100000111111000011111100001111100000111110000001100000000110000000111000000011100000
0001110000001111100000111111000011111100000111100000011110000001110000000011000000001110000000111000
0001110000001111100000111111000011111100000111100000011110000001110000000011100000001110000000011000
0001110000001111100000111111000001111100001111100000111110000001100000000111000000011100000000110000
0001111000000111110000111111000011111100001111100000111110000001100000001110000000111000000011000000
0001111000000111100000111111000001111100001111100000111110000001100000001110000000111000000011000000
0001110000001111100000111111000001111100001111100000011110000001100000000110000000011000000001100000
0001111000000111100000011111000011111100001111100000011110000001100000000110000000011000000001100000
0001111000001111100000011111000011111100001111100000011110000001100000000110000000011000000001100000
0001111000001111100000111111000011111100001111100000011110000001110000001110000000111000000011000000
0001111000001111100000011111000011111100001111100000011110000001100000001110000000111000000011000000
0001111000000111100000011110000001111100000111100000011110000001100000000110000000111000000001100000
0001110000000111100000011111000011111100001111110000111110000011100000000110000000011000000001100000
0001110000000111100000011111000011111100001111110000111110000001100000000110000000011000000001100000
0001110000001111100000111110000011111100001111100000111110000001100000000110000000011000000001100000
0000110000001111100000111110000011111100000111110000111110000001100000000110000000011000000001100000
0000111000000111100000111110000011111100001111110000111110000001100000000110000000011000000001100000
0000111000000111110000111111000001111100001111100000111110000000110000000111000000011100000000100000
0001111000001111100000111110000011111100001111100000111110000001110000000110000000011100000001110000
0001110000001111100000011110000001111100001111100000111110000001100000000110000000011000000001100000
0001111000000111100000011111000011111100001111110000111111000001100000000111000000011100000000110000
0001111000000111100000011111000011111100001111110000111111000001100000000111000000011100000000110000
0001111000000111100000011111000011111100001111110000111111000001100000000111000000011100000000110000
0001111000000111100000011111000011111100001111110000111111000011100000000110000000011100000001110000
0001111000000111100000011111000001111100001111110000111111000001100000000111000000011100000000110000
0001111000000111100000011111000001111100001111110000111111000001110000000111000000001110000000111000
0001111000000111100000011111000001111100001111110000111110000011100000000110000000011000000001110000
0001111000000111100000011111000001111100001111100000111110000011100000001110000000111000000001100000
0001111000000111100000011111000001111100001111100000111110000001100000000110000000011000000001100000
0011110000001111100000011111000001111100000111100000011110000001100000000110000000011000000001100000
0011110000001111100000111111000011111100000111100000011110000001100000000110000000011000000001100000
0001111000001111100000111111000011111100001111100000011110000001110000000110000000011000000001100000
0001111000001111110000111111000011111100001111110000011110000001110000000110000000111000000011000000
0001111000001111100000111111000011111100001111100000011110000001100000001110000000111000000011000000
0001111000000111100000011111000001111100000111100000011110000001100000001110000000111000000011000000
0001111000001111100000111111000001111100000111100000011110000001100000000110000000011000000001100000
0011110000001111100000111110000001111100001111100000111110000001100000000110000000011000000001100000
0001110000001111100000111110000001111100001111100000011110000001100000000110000000011000000001100000
0001110000001111100000111110000001111100000111100000011110000001100000000110000000011000000001100000
0001110000001111100000111110000011111100000111100000111110000001100000000110000000011000000001100000
0001111000001111100000111110000011111100001111110000111110000001111000000110000000111000000011000000
0001110000001111100000111110000001111100000111100000011110000001100000000110000000011000000001100000
0001111000000111100000011111000001111100000111110000011111000011100000001110000000110000000011000000
0001111000000111100000011111000001111100000111100000011110000011100000001110000000110000000011000000
0001110000001111100000111110000011111100001111100000111110000001110000000011000000001110000000111000
0001110000001111100000111110000011111100001111100000111110000001110000000011000000001100000000110000
0001110000001111100000111110000001111100000111100000011110000001100000000110000000011000000001100000
0001110000001111100000111110000011111100001111100000111110000001100000000110000000011000000001100000
0001111000001111100000111110000011111100001111100000111110000001100000000110000000011100000000110000
0001111000001111100000111111000001111100001111100000111110000001110000000111000000011100000000110000
0001111000000111100000111111000001111100000111100000011110000001100000000110000000011000000001100000
0001111000001111100000111111000011111100001111100000111110000001110000000011000000001100000000110000
0001111000001111100000111111000001111100001111100000111110000001110000000011000000001100000000110000
0001111000000111110000011111000011111100001111100000111110000001100000000110000000011000000001100000
0001111000001111100000111110000011111100001111100000111110000001100000001110000000111000000001100000
0001110000001111100000111111000001111100000111110000011110000001100000000111000000001100000000110000
0001110000001111100000111111000001111100001111110000011110000001100000000111000000001100000000110000
0001110000000111100000011110000001111100001111100000111110000011100000000110000000011000000001100000
0001111000000111100000011111000001111100001111110000111110000011100000000110000000011000000001100000
0001111000000111100000011110000001111100001111110000111110000011100000000110000000011000000001100000
0001111000000111100000011110000001111100001111100000111110000001100000001110000000111000000011000000
0001111000000111100000111110000001111100001111100000111110000001100000001110000000111000000011000000
0001111000000111100000011111000001111100000111100000011110000001100000001110000000110000000011000000
0000111000000111110000011111000001111100000111110000011111000011100000001100000000110000000011000000
0001111000000111100000011111000001111100001111100000111110000001100000001110000000111000000011000000
0001111000000111100000011110000001111100001111100000111110000001100000000110000000011100000001110000
0001111000000111100000011110000001111100001111100000111110000001100000000110000000011000000001100000
0001111000000111100000011110000001111100001111110000111110000001100000000110000000011000000001100000
0001111000000111100000011110000001111100001111110000111110000001100000000110000000011000000001100000
0001111000000111100000011111000001111100001111110000111110000001100000000110000000011000000001100000
0001111000000111100000011111000001111100001111100000111110000001100000000110000000011000000001100000
0001111000000111100000011111000011111100001111100000111110000001100000000110000000011000000001100000
0001111000000111110000011111000011111100001111110000111110000001100000000110000000011000000001100000
0001111000000111100000011111000011111100001111110000111110000001100000000110000000011000000001100000
0001111000000111100000011111000001111100001111100000111110000000100000000111000000011100000000100000
0001111000000111100000011111000011111100001111100000111110000001100000000110000000011000000001100000
0001111000000111100000011110000011111100001111100000111110000001100000000110000000111000000001100000
0001111000000111100000011111000011111100001111100000111110000001100000000110000000011000000001100000
0001111000000111100000011111000001111100001111100000111110000001100000000110000000011000000001100000
0001111000000111100000011110000011111100001111100000111110000001100000000110000000011000000001100000
0001111000000111100000011111000001111100001111100000111110000001100000000110000000011000000001100000
0001111000001111110000111111000011111100001111100000111110000001110000000110000000011000000001100000
0001111000001111100000111111000011111100001111100000111110000001110000000111000000011100000001110000
0001111000001111100000111110000011111100001111100000111110000001100000000110000000011000000001100000
0001111000001111100000111110000011111100001111100000111110000001100000000111000000011100000000110000
0001111000001111100000111110000001111100001111100000111110000011100000000110000000011100000001110000
0001111000000111100000011110000001111100001111100000111110000001100000000110000000011000000001100000
0001111000000111100000011111000001111100001111100000111110000001100000000110000000011000000001100000
0001111000000111100000011110000001111100000111110000111110000001100000000110000000011000000001100000
0001111000000111100000011110000001111100000111100000111110000001100000000110000000011000000001100000
0001111000000111100000111110000011111100001111100000111110000001100000000110000000011000000001100000
0000111000000111100000011110000011111100001111110000111110000001100000000110000000011000000001100000
0000111000000111100000011110000011111100001111110000111110000001100000000110000000011000000001100000
0001111000000111100000011110000011111100001111100000111110000001100000000110000000011000000001100000
0001111000000111100000111110000011111100001111100000111110000001100000000110000000011000000001100000
0001111000000111100000111111000011111100001111100000111110000001100000000110000000011000000001100000
0011110000001111000000111111000011111100001111100000111100000011000000001100000000110000000011000000
0011110000001111100000111111000011111100001111100000111100000011000000001100000000110000000011000000
0001111000000111100000111110000001111100001111100000111110000001100000000110000000011000000001100000
0001111000000111100000111110000011111100001111100000111110000001100000000110000000011000000001100000
0001111000000111100000111110000001111100001111100000111110000001100000000110000000011000000001100000
0001111000000111100000111110000011111100001111100000111110000001100000000110000000011000000001100000
0001111000000111100000111110000011111100001111100000111110000001100000000110000000011000000001100000
0001111000000111100000111110000011111100001111100000111110000001100000000110000000011000000001100000
0001111000000111110000111111000011111100001111100000111110000001100000000110000000011000000001100000
0001111000000111100000111111000011111100001111100000111110000011100000001110000000111000000001100000
0001111000000111100000111110000011111100001111100000111110000011100000001110000000111000000001100000
0001111000000111100000111110000001111100001111100000111110000001100000000110000000011000000001100000
0001111000000111100000111110000011111100001111100000111110000001100000001110000000111000000001100000
0001111000000111100000011110000001111100001111110000111110000011100000001110000000111000000001100000
0001110000000111100000111111000011111100001111100000111110000011100000001110000000111000000011100000
0001111000000111100000111110000011111100001111100000111110000001100000000110000000011000000001100000
0001111000000111100000111110000011111100001111100000111110000001100000000110000000011000000001100000
0001110000001111100000111111000011111100001111100000111110000011000000001100000000110000000011000000
0000111000000111100000011110000001111100001111100000111110000001100000000110000000011000000001100000
0001111000000111100000111110000011111100001111100000111110000001100000000110000000011000000001100000
0000111000000111100000011110000001111100001111110000111110000001100000000110000000011000000001100000
0000111000000111100000011110000011111100001111110000111110000011100000000110000000011000000001100000
0000111000000111100000011110000011111100001111110000111110000011110000000110000000011000000001100000
0000111000000111100000111111000001111100001111110000111110000001100000000110000000011000000001100000
0001111000000111100000111110000011111100001111100000111110000001100000000110000000011000000001100000
0001111100000111110000111111000011111100001111110000111111000011111000000111000000111000000011000000
0001111000000111110000111111000011111100001111110000111110000011111000000011000000011100000001100000
0001111000000111110000011111000001111100001111110000111110000001100000001110000000111000000011000000
0001111000000111100000111110000011111100001111110000111110000001110000000011000000001100000000110000
0001111000000111100000111110000011111100001111100000111110000001100000000110000000011000000001100000
0001111000000111100000111111000011111100001111110000111110000001100000000110000000011000000001100000
0001110000001111100000111110000011111100001111110000111110000011000000001110000000111000000001100000
0001111000000111100000011110000011111100001111110000111110000011100000001100000000110000000011000000
0001111000000111100000011110000011111100001111110000111110000011100000001110000000110000000011000000
0001111000000111110000011111000001111100001111100000011110000001100000001110000000111000000011000000
0001111000000111100000011110000001111100001111100000111110000011100000001110000000110000000011000000
0001110000001111100000111111000011111100001111100000111100000011100000001100000000110000000011000000
0000111000000111100000011111000001111100000111110000111110000011110000001110000000111000000011000000
0000111000000111100000011111000001111100001111110000111110000011111000001110000000111000000011000000
0000111000000111100000011111000011111100001111110000111110000001100000001110000000111000000011000000
0001111000000111110000011111000011111100001111110000111110000001100000001110000000111000000011000000
0001111100001111110000111111000011111100001111100000111110000001100000001110000000111000000011000000
0000111000000111100000011111000001111100001111110000111110000011100000001100000000110000000011000000
0000111000000011110000011111000001111100001111110000111110000011000000001110000000111000000011000000
0001111000000111110000011111000001111100001111110000111111000011100000001110000000111000000011000000
0000111100000011110000011111100001111110011111111001111111000011111100000110000000011000000001100000
0000111000000111110000011111000001111100001111110000111111000011111000001110000000111000000011000000
0001111000000111100000011111000001111100001111110000111110000011100000001100000000110000000011000000
0001111000000111100000011111000001111100001111110000111110000011100000001100000000110000000011000000
0000111000000011110000011111000001111100001111110000111110000011111000001100000000110000000011000000
0001111000000111100000011111000001111100000111110000111110000011100000001100000000110000000011000000
0001111000000111100000111111000011111100001111100000111110000001110000000110000000011000000001100000
0000111000000111100000011110000011111100001111110000111110000001110000001110000000111000000011000000
0001111100000111110000011111000011111100001111110000111110000001100000001110000000111000000011000000
0000111000000111110000011111000001111100001111110000111110000001111000001110000000111000000011000000
0000111100000111110000011111000001111100000111110000011111000011111000001110000000110000000011000000
0001111000001111110000111111000011111100001111100000111110000000110000000011000000001100000000110000
0000111100000111110000011111000011111100001111110000111110000001100000000110000000011000000001100000
0000111100000111110000011111000011111100001111110000111110000001100000001110000000111000000001100000
0001111000000111110000011111000001111100001111110000111110000001110000000111000000011100000001110000
0001111000000111110000111111000011111100001111100000111110000001110000000011000000001100000000110000
0001111000000111110000111111000011111100001111100000111110000000110000000011000000001100000000110000
0001111000001111110000111111000011111100001111100000111110000000110000000011000000001100000000110000
0001111000001111110000111111000011111100001111100000111110000000110000000111000000011100000000110000
0001111000001111110000111111000011111100001111100000111110000001110000000111000000011100000000110000
0001111000001111110000111111000011111100001111100000111110000000110000000011000000001100000000110000
0001111000001111110000111111000011111100001111100000111110000000110000000011000000001100000000110000
0001111000001111110000111111000011111100001111110000111110000000110000000011000000001100000000110000
0001111000000111110000111111000011111100001111100000011110000001100000000110000000011000000001100000
0001111000000111110000011111000011111100001111100000011110000001110000000111000000011100000000110000
0011111000001111100000111111000011111100001111100000111110000001110000000111000000001100000000110000
0011111000001111100000111111000011111100001111100000111110000000110000000011000000001110000000111000
0001111000000111100000011111000001111100001111100000111110000011100000001110000000111000000011100000
0011111000001111100000111111000011111100001111100000111110000001100000000111000000011100000001110000
0011110000001111100000111111000001111100001111100000111110000001100000000111000000011100000000110000
0001111000000111110000011111000001111100001111110000111110000011100000001110000000111000000011000000
0001111000000111100000011111000001111100001111100000111110000001100000000110000000011000000001100000
0011111000001111100000111111000011111100001111100000111110000001100000000110000000011000000001100000
0001111000001111100000111111000011111100001111100000111110000001100000000110000000011000000001100000
0011110000001111100000111111000011111100000111100000011110000001110000000011000000001100000000110000
0001111000000111100000011111000001111100001111110000111110000011100000001110000000111000000011000000
0001111000000111100000011111000001111100001111100000111110000011100000001110000000111000000011000000
0011111000001111100000111111000011111100001111100000111110000001100000000110000000011000000001100000
0001111000000111100000011111000001111100001111110000111110000011100000001110000000111000000011000000
0011111000001111100000111111000011111100001111100000111110000001100000001110000000111000000011100000
0001111000000111100000011111000001111100001111110000111110000001100000001110000000111000000011000000
0001111000001111100000111111000011111100001111100000111110000001100000001110000000111000000011000000
0011110000001111100000111111000011111100000111110000011110000001110000000011000000001100000000110000
0011111000001111100000111111000011111100001111100000111110000001100000000111000000011100000001110000
0001111000001111100000111110000011111100001111100000111110000001100000000110000000011000000001100000
0001111000001111100000111111000011111100001111100000111110000001100000000110000000011000000001100000
0001111000001111100000111110000011111100001111100000111110000001100000000110000000011000000001100000
0001111000001111100000111111000011111100001111100000111110000001100000000110000000011000000001100000
0011110000001111100000111111000001111100000111100000011110000001110000000011000000001110000000110000
0001111000000111110000111111000011111100001111110000111110000001100000001110000000111000000011100000
0001111000000111100000011111000011111100001111110000111110000001100000001110000000111000000011000000
0001111000001111100000111111000011111100001111100000111110000001100000000110000000011000000001100000
0001111000001111100000111111000011111100001111100000111110000001100000000110000000011000000001100000
0011111000001111100000111111000011111100001111100000111110000001110000000011000000011100000000110000
0001111000001111100000111111000011111100001111100000111110000001100000000110000000011000000001100000
0001111000001111100000111110000011111100001111100000111110000001100000000110000000011000000001100000
0001111000001111100000111110000011111100001111100000111110000001100000000110000000011000000001100000
0001111000001111100000111111000011111100001111100000111110000001100000000110000000011000000001100000
0001111000001111100000111111000011111100001111100000111110000001100000000110000000011000000001100000
0001111000001111100000111110000011111100001111100000111110000001100000000110000000011000000001100000
0001111000001111100000111110000011111100001111100000111110000001100000000110000000011000000001100000
0011111000001111100000111111000011111100001111100000111110000001100000000110000000011000000001100000
0001111000001111100000111111000011111100001111100000111110000001100000000110000000011000000001100000
0011111000001111100000111111000011111100001111100000111110000001100000000110000000011000000001100000
0001111000001111100000111111000011111100001111100000111110000001100000000110000000011000000001100000
0011111000001111100000111111000011111100001111100000111110000001100000000110000000011000000001100000
0001111000001111100000111111000011111100001111100000111110000001100000000110000000011000000001100000
0011111000001111100000111110000011111100001111100000111110000001100000000110000000011000000001100000
0001111000001111100000111110000011111100001111100000111110000001100000000110000000011000000001100000
0011111000001111100000111111000011111100001111100000111110000001100000000110000000011000000001100000
0001111000001111100000111110000011111100001111100000111110000001100000000110000000011000000001100000
0001111000001111100000111110000011111100001111100000111110000001100000000110000000011000000001100000
0001111000001111100000111110000011111100001111100000111110000001100000000110000000011000000001100000
0001111000001111100000111110000011111100001111110000111110000001100000001110000000111000000011000000
0001111000001111100000111110000011111100001111100000111110000001100000000111000000011100000001100000
0001111000001111100000111110000011111100001111110000111110000001110000000011000000001100000000110000
0001111000001111100000111110000011111100001111100000111110000001100000000110000000011000000001100000
0001111000001111100000111110000011111100001111100000111110000001100000000110000000111000000001100000
0001111000000111100000011111000001111100000111100000011110000001100000001110000000111000000011000000
0001111000001111100000111110000011111100001111100000111110000001100000000111000000011100000000110000
0001111000000111100000111110000011111100001111110000111110000001100000000110000000011000000001100000
0001111000000111100000111110000011111100001111110000111110000001100000000110000000011000000001100000
0001111000000111100000111110000011111100001111110000111110000001100000000110000000011000000001100000
0001111000000111100000111110000011111100001111110000111110000001100000000110000000011000000001100000
0001111000001111100000111111000011111100001111100000111110000001100000000110000000011000000001100000
0000111000000111100000111110000011111100001111110000111110000001100000000110000000011000000001100000
0000111000001111100000111111000011111100001111110000111110000001100000000110000000011000000001100000
0011110000001111100000111111000011111100001111100000111110000001100000000110000000011000000001100000
0011111000001111100000111111000011111100001111100000011110000001100000000110000000011100000001100000
0001110000001111100000111111000011111100001111100000111110000001100000000111000000011100000001100000
0001111000001111100000111111000011111100001111100000111110000001110000000111000000011100000000110000
0001111000001111100000111111000011111100001111100000111110000001100000000111000000011100000001100000
0001111000001111100000111111000011111100001111100000111110000001100000000111000000011100000001100000
0000111000000111100000111110000011111100001111110000111110000001110000000110000000011000000001100000
0001111000000111110000111111000011111100001111100000111110000001110000000110000000011000000001100000
0000111000000111100000111110000011111100001111110000111110000001110000000110000000011000000001100000
0001111000000111100000111111000011111100001111110000111110000001100000001110000000111000000011100000
0001111000001111100000111111000011111100001111110000111110000001110000000011000000001100000000110000
0001111000000111100000111111000011111100001111100000111110000001100000000110000000011000000001100000
0000111000000111100000111110000011111100001111110000111110000001100000000110000000011000000001100000
0000111000000111100000111110000011111100001111110000111110000011110000000110000000011000000001100000
0000011000000111110000111111000011111100001111110000111110000011111000000110000000011000000001100000
0000011000000111110000111111000011111100001111110000111110000011111000000110000000011000000001100000
0000111100000111110000111111000011111100001111110000111110000011111000001110000000111000000011000000
0001111100000111110000111111000011111100001111110000111110000001110000000111000000011100000001110000
0000111100000111110000111111000011111100001111110000111110000001110000000111000000011100000001100000
0000111000000111110000011111000011111100001111110000111110000001110000000110000000011000000001100000
0000011100000111110000111111000011111100001111110000111110000001110000000110000000011000000001100000
0000111100000111110000111111000011111100001111110000111110000001110000000110000000011000000001100000
