100
0000111000000111100000011110000001111000000111110000111111000011111100001111100000111110000001110000
0000111000000111100000011110000001111000000111110000111111000011111100001111100000111110000001110000
0000110000000111100000011110000001111000000111110000111111000011111100001111100000111110000001110000
0000110000000111100000011110000001111000000111110000111111000011111100001111100000111110000001110000
0000110000000111100000011110000001111000000111110000111111000011111100001111100000111110000001110000
0000110000000111100000011110000001111000000111110000111111000011111100001111100000111110000001110000
0000111000000111100000011110000001111000000111110000111111000011111100001111100000111110000011110000
0000111000000111100000011110000001111000000111110000111111000011111100001111100000111110000001110000
0000111000000111100000011110000001111100000111110000111111000011111100001111110000111110000011110000
0000111000000111100000011110000001111100000111110000111111000011111100001111100000111110000001110000
0000111000000111100000011110000001111000000111110000111111000011111100001111100000111110000001110000
0000011000000011110000011111000001111100000111110000111111000011111100001111110000111110000011110000
0000110000000111100000011110000001111000001111110000111111000011111000001111100000111110000011110000
0000111000000011100000011110000001111100000111110000111111000011111100001111100000111110000001110000
0001110000000111000000111100000011111000001111110000111111000011111100000111100000011110000001111000
0001100000001111000000111110000011111000001111110000011111000001111100000111110000011110000001111000
0000011000000011100000011110000001111100000111110000111111000011111100001111100000111110000011110000
0000111000000111100000011110000001111100001111110000111111000011111100001111100000111110000001110000
0000111000000111100000011110000001111100001111110000111111000011111100001111110000111110000011110000
0000011000000011100000001110000001111000000111100000011110000001111100001111100000111110000001110000
0000110000000011100000011110000001111000000111100000011110000001111000000111100000011100000001110000
0001110000000111000000011100000001111000000111100000111110000011111000000111100000011110000001110000
0000111000000111100000011110000001111100000111110000111111000011111100001111100000111110000001110000
0000111000000111100000011110000001111100000111110000111110000011111000001111100000111100000001110000
0000110000000111100000011110000001111100000111110000111110000011111000001111100000111100000001110000
0000111000000011100000011110000001111100000111110000111111000011111100001111100000111100000011110000
0000111000000111100000011110000001111100000111110000111111000011111100001111100000111110000001110000
0000111000000111100000011110000001111000000111110000111111000011111100001111100000111110000011110000
0000110000000111100000011110000001111100001111110000111110000011111000001111100000111100000001110000
0000110000000111000000011110000001111100000111110000111111000011111100001111100000011110000001110000
0000111000000111100000011110000001111000000111110000111111000011111000001111100000111110000001110000
0000111000000111100000011110000001111100000111110000111111000011111000001111100000111110000001110000
1111111111100111000110011110011001111101101111110110111110011011111001101111100110111100011111111111
0000110000000111100000011110000001111100001111110000111110000011111000001111100000111100000001110000
0000111000000111100000011110000001111100000111110000111110000011111000001111100000011110000001110000
0000110000000111100000011110000001111000000111110000011110000011111000001111100000011110000001110000
0000110000000111100000011110000001111000001111110000111111000011111100001111100000111110000001110000
0000110000000111100000011110000001111000001111110000111111000011111100001111100000111110000001110000
0000110000000111100000011110000001111000000111110000111111000011111100001111100000111110000001110000
0000111000000111100000011110000001111100000111110000111111000011111100001111100000111110000011110000
0000111000000111100000011110000001111100000111110000111111000011111100001111100000111110000001110000
0000111000000111100000011110000001111000000111110000111111000011111100001111100000111110000001110000
0000111000000111100000011110000001111100000111110000111111000011111100001111100000111110000011110000
0000111000000111100000011110000001111100000111110000111111000011111100001111100000111110000011110000
0000110000000111000000011110000001111100001111110000111111000011111100001111100000111110000001110000
0001110000000111000000011100000001111100001111110000111111000011111100001111110000111110000001110000
0000110000000111100000011110000001111100001111110000111111000011111100001111110000111110000001110000
0000110000000111100000011110000001111100001111110000111111000011111100001111100000111110000001110000
0000111000000111100000011110000001111000001111110000111111000011111100001111100000111110000011110000
0000011000000011100000011110000001111000001111110000111111000011111100001111110000111110000011100000
0000111000000111100000011110000001111100000111110000111111000011111100001111110000111110000011110000
0001110000000111000000011100000001111000000111100000011110000001111000000111100000011110000001110000
0000110000000111100000011110000001111100000111110000111111000011111100001111100000111110000001110000
0000110000000111000000011100000001111000000111100000011110000001111000000111100000011100000001110000
0001110000000111000000011100000001111000001111110000111111000011111100001111100000011110000001110000
0000111000000111100000011110000001111100000111110000111111000011111100001111100000111100000001110000
0001110000000111000000011100000001111000000111110000011111000011111100000111100000011110000001110000
0000111000000011100000011110000001111100000111110000111111000011111100001111100000111110000011110000
0000110000000111000000011100000001111000000111100000011110000001111000000111100000011100000001110000
0000110000000111000000011100000001111000000111100000011110000001111000000111100000011100000001110000
0000111000000111100000011110000001111000000111110000111111000011111000001111100000111100000001110000
0000111000000011100000011110000001111000000111100000011110000001111000000111100000011100000001110000
0000110000000111100000011110000001111000000111110000111111000011111000001111100000111110000001110000
0000111000000111100000011110000001111000000111110000111111000011111100001111100000111100000001110000
0000111000000111100000011110000001111000000111110000111111000011111100001111100000111100000001110000
0000111000000111100000011110000001111000000111110000111111000011111100001111100000111100000001110000
0000111000000111100000011110000001111100000111110000111111000011111100001111100000111100000011110000
0000111000000111100000011110000001111000000111110000111111000011111100001111100000111100000011110000
0000011000000011100000011110000001111100000111110000111111000011111100001111100000111110000011110000
0000011000000011100000011110000001111100000111110000111111000011111100001111100000111110000011110000
0000011000000011100000011110000001111100000111110000111111000011111100001111100000111100000011110000
0000011000000011100000011110000001111100000111110000111111000011111100001111100000111100000011110000
0000011000000011100000011110000001111100000111110000111111000011111100001111100000111100000011110000
0000011000000011100000011110000001111100000111110000111111000011111100001111100000111100000011110000
0000011000000011100000011110000001111100000111110000111111000011111100001111100000111110000011110000
0000011000000011100000011110000001111100000111110000111111000011111100001111100000111100000011110000
0000110000000111000000011100000001111000000111100000011110000001111000000111100000011100000001110000
0001110000000111000000011100000001111000000111100000011110000001111000000111100000011100000001110000
0000110000000111000000011110000001111000000111100000011110000001111000000111100000011100000001110000
0001110000000111000000011100000001111000000111100000011110000001111000000111100000011100000001110000
0000110000000111100000011110000001111000000111110000011110000011111000001111100000011100000001110000
0000110000000111100000011110000001111000000111110000011110000001111000001111100000011100000001110000
0000111000000111100000011110000001111000000111110000111111000011111000001111100000111100000001110000
0000111000000111100000011110000001111000000111110000011111000011111000001111100000111100000001110000
0000111000000111100000011110000001111000000111110000011110000011111000001111100000111100000001110000
0000111000000111100000011110000001111000000111110000011111000011111000001111100000111100000001110000
0000111000000011100000011110000001111000000111110000111111000011111100001111100000111100000011110000
0000011000000011100000011110000001111000000111110000011111000011111000001111100000111100000011100000
0000111000000111100000011110000001111000000111110000111111000011111000001111100000111100000001110000
0000111000000111100000011110000001111000000111110000011111000011111000001111100000111100000001110000
0000111000000111100000011110000001111000000111110000111111000011111000001111100000111100000011110000
1111111111100111100110011110011001111001100111110110111111011011111001101111100110111100011111111111
0000111000000011100000011110000001111000000111110000011111000011111000001111100000111100000001110000
0000111000000011100000011110000001111000000111110000111111000011111000001111100000111100000011110000
0000111000000011100000011110000001111000000111110000011111000011111000001111100000111100000011110000
1111111111100011100110011110011001111001100111110110111111011011111001101111100110111100011111111111
0000111000000011100000011110000001111000000111110000111111000011111000001111100000111100000011110000
0000111000000011100000011110000001111000000111110000111111000011111000001111100000111100000011100000
0000011000000011100000011110000001111000000111110000111111000011111000001111100000111100000011100000
0000011000000011100000011110000001111000000111110000111111000011111000001111100000111100000011100000
