100
0000000000000110000001111111001111111100111111111111111111111111111111111111111000001111000000000000
0000111000000111110000111111000011111110011111111001111111000011111100001111110000011111000000111000
0000110000001111110001111111100111111111111111111111111111111111111110011111111000111111000001100000
0011110000011111111001111111100111111110011111111000111111100011111100000111110000011110000000111000
0000000000001111100001111111000111111100111111111011111111111111111111001111111100011111110000000000
0000000000001111100001111111000111111111111111111111111111111111111110011111110001111100000000000000
0000011100001111111000111111100111111110011111111001111111100111111100001111110000111111000000011000
0000000000000111100001111111001111111110111111111011111111111111111111111111111100111111000000000000
0001111100011111110001111111100111111110011111111000111111100001111110000111111000011111000000111000
0001111000011111110001111111000111111110001111110000111111000011111100000111110000011110000001110000
0011111000001111110001111111100111111110011111111001111111100111111110001111111000011111100000111110
0011100000011111100011111111001111111110111111111011111111110111111111011111111100001111110000000011
0000000000111111100011111111001111111110111111111011111111110111111111011111111100000111110000000000
0011110000011111100001111111000111111110011111111001111111100111111110001111111000001111100000000110
0000110000000111110000111111000011111100001111110000111111000011111100001111110000011110000000111000
0001111000001111110001111111001111111110111111111111111111111111111110011111111000111111000001111000
0000000000001111000001111110001111111100111111111011111111111111111111111111111101111111100000000000
0000111000001111110001111111100111111110111111111011111111110111111111001111111100000111110000001110
0000000000000111000000111111001111111100111111111011111111111111111111111111111101111111100000000000
0000000000000111110001111111000111111111111111111111111111111111111111111111111001111110000000000000
0000111100001111111001111111100111111110111111111111111111110111111110011111110001111110000011110000
0000000000001111100001111111000111111111111111111111111111111111111110011111100001111000000000000000
0000011000000111110000111111100011111110011111111001111111000011111110000111111000011111000000111000
0001110000011111111001111111111111111111111111111011111111101111111110011111110001111100000001100000
0001110000011111111001111111111111111111111111111111111111101111111110111111110001111100000001100000
0000000000001111100001111111100111111111111111111111111111111111111110011111110001111100000000000000
0000000000000111100001111111001111111100111111111011111111111111111111111111111100111111100000000000
0000010000001111100001111111101111111110111111111011111111101111111111001111111100001111110000000000
0000000000001111100001111111000111111111111111111111111111111111111110011111111001111110000000000000
0011111110001111111111111111111111111111111111111111111111100111111100011111100001111110000011110000
0000111100000111110000111111100011111110011111111001111111100011111110001111111000011111100000011100
0111100000011111100001111111001111111100111111111011111111100111111111011111111100000111110000000011
0000000000111100000011111110001111111100111111111011111111111111111111011111111100001011110000000000
0000000000011100000011111111001111111100111111111011111111111111111111001111111100000001110000000000
0000000000011100000011111111001111111100111111111011111111111111111111001111111100000001110000000000
0011110000001111000001111110000111111110011111111001111111100111111110000111111000001111100000011100
0000111000000111110000111111000011111100011111111000111111000011111100000111110000001111000000011100
0001111100001111111001111111100111111110011111111001111111100111111100001111110000011110000000110000
0001100000001111110001111111001111111110111111111111111111111111111111011111111000111111000000001000
0001111100001111110001111111100111111110011111111001111111100001111110000111111000001111100000011100
0000111000011111110001111111100111111110001111111000111111100011111100000111110000011111000001110000
0001111000001111110000111111100011111110001111111001111111100111111100001111110000011110000001110000
0001111000001111110000111111000011111110001111111001111111000111111100011111110000111100000001110000
0001111000001111110000111111000011111110001111111001111111100111111100011111110000111100000011100000
0001111000011111110001111111000111111110011111111001111111100111111110011111111000111110000011100000
0001111000011111110011111111100111111110011111111101111111110111111110011111111001111111100011100000
0011111000011111110001111111000111111110011111111001111111100111111110011111111001111111000011100000
0011110000011111110001111111000111111110011111111001111111100111111110011111111001111111000011100000
0011100000011111110011111111101111111110111111111111111111110111111110001111110000111110000000111000
0000110000001111111001111111101111111110111111111111111111111111111111111111111101111111100000001100
0011100000001111110011111111101111111110111111111111111111110111111110011111110001111110000001111000
0001110000001111100001111111000111111110011111111101111111111111111110011111111001111110000001110000
0001110000011111110011111111101111111111111111111101111111110011111110000111110000011111000000010000
0001111000011111110001111111000111111110011111111001111111100111111110011111111001111110000001100000
0011110000011111110001111111000111111110011111111001111111100111111110011111111001111110000001100000
0001110000011111110001111111000111111110011111111001111111100111111110011111111000111110000001100000
0001110000011111110001111111000111111110011111111001111111100111111110011111111000111110000001100000
0000010000001111111001111111101111111110111111111111111111111111111111111111111100011111100000001000
0000011000001111111001111111111111111111111111111111111111110111111111011111111100111111100000111100
0000011000011111111001111111110111111111111111111011111111100111111110011111111000111111100000111100
0000011000011111111001111111100111111111111111111011111111100111111110011111111000111111100000111100
0000011000011111111001111111100111111111111111111011111111100111111110011111111000111111100000111100
0000011000011111111001111111110111111111111111111011111111100111111110011111111000111111100000111100
0000011000011111111001111111101111111111111111111011111111100111111110011111111000111111100000111000
0000011000011111111001111111111111111111111111111111111111100111111111011111111000111111100000111100
0000011000011111111001111111110111111111111111111111111111100111111110011111111000111111100000111100
0000011000011111111001111111111111111111111111111011111111100111111110011111111000111111100000111100
0011111100001111110001111111100111111110011111111001111111100111111110001111110000011110000000111000
0011110000001111100001111111000111111110011111111001111111100011111110000111111000001111100000001100
0011110000011111100001111111000111111110011111111001111111100111111110001111111000001111100000001110
0011110000011111110001111111100111111110011111111001111111100111111110001111111000011111100000001100
0011111000011111110001111111100111111111111111111111111111110111111110011111111000011111100000011100
0011110000011111110001111111100111111110011111111001111111100111111110001111111000011111100000001110
0111100000011111100011111111001111111110111111111001111111100111111111001111111100001111110000000110
0001111100001111111001111111101111111110111111111011111111111111111111011111111000111111100000011100
0001111100001111111000111111100111111110011111111111111111111111111111111111111000111111100000110000
0000000000000111110000011111100111111110111111111111111111111111111111011111111000111110000000000000
0011111000011111110000111111000011111110011111111001111111100111111110011111111000111111000001100000
0001110000011111110001111111100111111110011111111001111111100111111110001111111000111111000001110000
0000000000001111110001111111000111111110111111111111111111111111111111011111111001111111100000000000
0001111100001111110001111111101111111110111111111111111111111111111111111111111001111111100011000000
0000000000000111100001111111001111111111111111111111111111111111111110111111111001111111000000000000
0000000000001111100001111111001111111111111111111111111111111111111110111111110001111111000000000000
0000000000000111100001111111111111111111111111111111111111111111111111011111111000111111000000000000
0000000000000111100001111111111111111111111111111111111111111111111111011111111001111111000000000000
0000110000001111110001111111001111111111111111111111111111111111111110111111111000111111000000011100
0000000000001111110001111111001111111111111111111111111111111111111111011111111000011111100000000000
0000000000001111110001111111001111111110111111111111111111111111111111011111111100111111100000000000
0000000000001111110001111111001111111110111111111111111111111111111111011111111000111111000000000000
0000000000001111110001111111001111111110111111111111111111111111111111111111111100111111100000000000
0000000000001111110001111111001111111100111111111111111111111111111111111111111100111111100000000000
0000000000001111110001111111001111111110111111111111111111111111111111111111111100111111100000000000
0000000000001111110001111111001111111110111111111011111111111111111111111111111101111111100000000000
0000110000001111111001111111101111111110111111111011111111111111111111111111111101111111100000001100
0000100000001111110001111111101111111110111111111011111111111111111111011111111101111111100000011000
0000000000001111100001111111100111111111111111111111111111111111111111111111111001111111000000000000
0000000000000111100001111111000111111111111111111111111111111111111110111111111001111111000000000000
0000000000000111100001111111001111111111111111111111111111111111111111111111111001111111000000000000
0000000000000111100001111111100111111111111111111111111111111111111111111111111001111111000000000000
0000000000000111100001111111001111111110111111111111111111111111111110111111111001111111000000000000
