300
0001111000000111110000111111000011111000001111110000111110000001111000000111100000011000000001110000
0000111000000111110000111111000001111000001111110000111111000001111100000111100000011110000001100000
0001111000000111110000111111000011111000001111110000111111000001111000000111100000011110000001110000
0000111000000111110000011110000001111000001111110000111110000001111000000111100000011110000001110000
0001111000000111110000011110000011111000001111110000111110000001111000000111100000011100000001110000
0001111100000111110000111111000011111000001111110000111111000001111000000111100000011110000001100000
0001111100000111110000111111000011111100001111110000111111000001111000000111100000011110000001100000
0001111100001111110000111111000011111100001111110000111111000001111000000111100000011110000001100000
0001111100000111110000111111000011111000001111110000111111000001111000000111100000011110000001100000
0001111100000111110000111111000011111100001111110000111111000001111000000111100000011110000001100000
0001111100001111110000111111000011111100001111110000111111000001111000000111100000011110000001100000
0001111100001111110000111111000011111100001111110000111111000001111000000111100000011110000001100000
0001111100001111110000111110000011111000001111110000111111000001111100000111100000111110000011100000
0001111100000111110000111111000011111100001111110000111111000001111000000111100000111110000011100000
0011011000011111111001111111100111111110001111111000111111000001111100001111110000111100000011100000
0011011000011111111001111111100111111110001111111000111111000001111100001111110000111000000011100000
0111111100011111111001111111100111111110001111111000111111000001111100001111110000111000000011100000
0111011100011111111001111111100111111110001111111000111111000001111100001111110000111000000011100000
0111111100011111111001111111100111111110001111111000111111000011111100001111110001111000000011100000
0011111000001111110000111111000011110100001111100000111111000011111000001111100000111110000001111000
0001110000001111111001111111100111111110011111111001111111100111111100001111110000111111000011110000
0011010000011111111001111111100111111110001111110000111111000001111100001111100001111000000011100000
0000111100000111110000011111000011111100001111110000111111000001111100000111100000111100000011110000
0001111100000111110000011111000011111100001111110000111111000001111100000111100000111110000011110000
0110000000011000000001111000000011111100000111110000011111000001111110001111111000111111000001100000
0001111100000111110000111111000011111100001111100000011110000001111100000111110000111110000011100000
0011011000001111110001111111100111111110001111110000011111000001111100001111100000111100000001110000
0011111000001111110000111111000011111100001111110000111111000011111100001111100000011110000001111000
0001111000001111110000111110000001111000001111110000111111000001111000000111100000011110000001110000
0000001000000111110000011111000001111000001111110000111111000001111000000111100000011110000001100000
0001111100000111110000111111000011111100001111110000111111000001111100000011100000011110000001100000
0001111100001111110000111111000011111100001111110000111111000001111100000111100000011110000001100000
0111011100011111111001111111100011111110001111110000011111000001111100001111110000111000000011100000
0001111100000111110000011111000011111100001111110000111111000001111100000111110000011110000001100000
0111011100011111111001111111100111111110001111111000011111000001111100001111110000111000000011000000
0001111100000111110000111111000011111100001111110000111111000001111000000111100000011110000001100000
0001111000000111110000111111000011111000001111110000111111000001111000000111100000011110000001100000
0111011100011111111001111111100111111110001111110000011111000001111100001111110000110000000011000000
0001111100001111110000111110000011111000001111110000111111000001111000000111100000011110000001100000
0000111000000011100000011110000011111100001111100000111110000011111000000111100000001110000000100000
0000100000001111100001111111100111111110011111111000111111100011111000001111110000011111000000111000
0000111000000011100000011110000011111100001111110000111111000001111100000111110000001111000000111100
0000011100000001110000000111000000001100000001110001111111100111111110011111111001111111000001110000
0100000110011111111001111111100111111110011111111001111111100111111100011111110001111111000110000000
0001111100001111110000111111000011111100001111110000111111000011111100000111100000111110000011011000
0001111000000111110000011111000011111100001111110000111110000001111000000011100000011000000001100000
0001111000000111100000011111000001111100001111100000111110000001111000000011000000011100000001100000
0001111000000111100000011110000001111100001111100000111110000001111000000011000000011100000001100000
0000111000000111100000011110000001111100001111100000111110000001111000000111000000011100000001100000
0000111100000111110000011110000011111100001111110000011111000001111000000111000000111100000011100000
0000111000001111111000111111100011111110000111110000011111000011110000001111000001111000000011000000
0000111100000111110000011110000011111100001111100000011110000001111000001111000000111000000011100000
0000011000000111100000111111000011111000000111100000011110000001111000000111100000011100000001110000
1111111111100111100110011111011011111001100111100110011110011001111001100011100110001110011111111111
0001111000000111110000111111000001111100001111110000011110000001111000000011100000011110000000111000
0000011000000111100000011110000001111000000111100000011110000001111000000011100000001110000000101000
0001111000001111110000111111000011111000001111110000111111000011111000000111100000011110000000111000
0001111000001111110000111111000011111000001111110000111111000011111100000111100000011110000000111000
0001111000000111110000111111000011111100001111110000111111000001111000000111100000011110000001100000
0001111000000111110000111111000011111100001111110000111111000001111000000111100000011110000001111000
0001111100001111110000111111000011111100001111110000111111000001111100000111100000011110000001111000
0001111100000111110000111111000011111100001111110000111111000001111100000111100000011110000001111000
0000001000000111110000011111000001111000001111110000111111000001111000000111100000011110000001110000
0001111000000111110000111111000011111100001111110000111111000001111000000111100000011110000001110000
0001111000000111110000111111000011111100001111110000111111000001111100000111100000011110000001100000
0001111000000111110000111111000011111100001111110000111111000001111100000111100000011100000001100000
0001111100000111110000111111000011111100001111110000111111000001111100000111100000011100000001110000
0001111100000111110000111111000011111100001111110000111111000001111000000111100000011110000001100000
0111011100011111111001111111100011111110001111111000011111000001111100001110000000111000000001100000
0001111100000111110000011111000011111100001111110000111111000001111100000111110000011100000001100000
0111101110111111111001111111100111111110000111111000011111000001111110001111000000111110000001100000
0000111100000111110000011111000011111000001111100000111111000001111100000111110000011100000001110000
0000011100000111110000011111000001111100001111110000111111000001111100000011110000011100000001110000
0000111100000111110000011111000011111100001111110000111111000001111100000111110000011100000001110000
0001101100011111111001111111100111111110000111111000011111100001111110001111000000111100000001110000
0000111100000111110000011111000011111100001111110000111111000001111100000111110000011100000001110000
0001111100000111110000011111000011111100001111110000111111000001111100000111110000011100000001110000
0001111100001111110000111111000001111000001111110000011111000001111000000111100000011000000001100000
0011111000001111110000111111000001111100001111110000111111000011111000001111100000011110000001110000
0011111000001111110000111111000011111100001111110000111111000011111100001111100000011110000001110000
0001111000001111110000111111000001111000001111110000011111000001111000000111100000011000000001100000
0001111100001111110000111111000011111100001111110000011111000001111000000111100000011100000001110000
0001111100000111110000111111000011111100001111110000111111000001111100000111100000011000000001100000
0001111100000111110000111111000011111100001111110000111111000001111100000111100000011110000001100000
0001111100000111110000111111000011111100001111110000111111000001111000000111100000011110000001110000
0001111100001111110000111111000011111100001111110000111111000001111100000111100000011110000001100000
0001111100001111110000111111000011111100001111110000011111000001111000000111100000011100000001100000
0000111100000111110000111111000011111000001111110000011111000001111000000111100000111110000011100000
0000111100000111111000111111000011111100001111100000111110000011111000011111100001110100000111000000
0001111100000111110000111111000011111100001111110000011111000001111000001111100000111110000011100000
0000111000000011100000011111000011111100001111100000011111000001111100000111110000011110000000111000
0001110000000111100000111110000111111000011111111000111111100011111000001111100000011110000000111000
0001110000000111000001111110000111111100011111111000111111100011111000001111100000011110000000111000
0000011000000111100000011110000011111000000111110000011111000001111000000011100000001110000000110000
0000011000000111100000011110000001111000001111100000111110000001111000000011100000011110000000100000
0001111000001111110000111111000011111000000111110000111111000011111100000111110000011110000000111000
0000011000000111100000111110000011111000001111110000111111000001111000000011100000001110000001110000
0001111000000111110000111111000011111100001111110000111111000001111100000011100000011000000001100000
0001111100001111110000011111000011111100001111110000111111000001111100000111100000011110000001100000
0001111100000111110000011111000011111000001111100000011110000001111000000111100000011110000001100000
0001111000001111110000111110000001111000000111110000011111000001111000000111100000011110000001110000
0001111100001111110000111111000001111000001111110000011111000001111000000111100000011110000001100000
0001111100001111110000111110000011111100001111110000011111000001111000000111100000011100000001100000
0001111000001111110000111111000001110100001111100000111111000011111100001111100000011110000001111000
0001111100001111110000111111000011111100001111110000011111000001111000000111100000011110000001100000
0001111100001111110000111111000011111100001111110000011111000001111100000111100000011110000001110000
0000111100000111110000011111000011111000001111110000011111000001111100000111110000011100000001100000
0001111100000111110000011111000011111100001111110000011111000001111100000111100000011000000001100000
0001111000000111110000111110000001111100001111110000111110000001111000000011100000011100000001100000
0001111000000111110000011110000011111100001111110000111110000001111000000011100000011100000001110000
0001111000000111110000011110000011111100001111110000111110000001111000000111100000011100000001100000
0001111100000111110000011111000011111100001111110000111111000001111000000111100000011100000001110000
0000111100000111110000011111000011111000001111110000011111000001111000000111100000111100000011110000
0000111100000111110000011111000011111100001111110000011110000001111000000111100000011100000001100000
0000011000000111100000011110000001111000001111110000011110000001111000000011100000011100000001110000
0000011000000111100000011110000001111000001111110000111111000001111000000011100000011110000001110000
0111011110011111111001111111100011111110000111111000011111000001111100001111110000111100000011100000
0001111100001111110000111111000011111100001111110000011111000001111000000111100000011110000001110000
0111000000011111110001111111100011111110001111110000111111000011111000001111100001111000000001000000
0001111100001111110000111111000011111000001111110000111111000001111000001111100000111100000011000000
0011111000001111110000111111000011111000001111110000111111000011111000000111100000011110000001110000
0000011000000001100000011110000011111100001111100000011110000001111000000111100000001110000000110000
0000111100011111111001111111100111111110001111110000111111000011111100001111110000111111000011000000
0110111100011111111001111111100111111110011111111000111111000011111100011111110001111111000110000000
0001111100001111110000111111000011111000000111110000011111000001111100000111100000011110000001100000
0001111100001111110000111111000011111000000111110000011111000001111100000111100000011110000001100000
0000111000000111110000011110000001111000001111110000111110000001111000000011100000011000000001100000
0001111000000111100000011111000001111100001111100000111110000001111000000011000000011000000001100000
0001111000000111100000011111000001111000001111100000111110000001110000000011000000011100000001100000
0001111000000111100000011110000001111000000111100000011110000001111000000111000000011100000001100000
0001111000000111110000011110000011111100001111110000011110000001111000000111100000011100000001110000
0001111100000111110000011110000011111000001111110000011110000001111000000111100000011100000001111000
0001111000000111110000011110000011111100001111110000111110000001111000000111100000011100000001111000
0001111100000111110000111110000011111100001111110000111110000001111000000111100000011100000001111000
0001111100000111110000111110000011111100001111110000111111000001111000000111110000011100000001111000
0001111000001111110000111111000011111100001111110000111111000001111000000111100000011110000001111000
0011111000001111110000111111000011111100001111110000111111000011111000001111100000111110000001111000
0001111000001111100000111111000011111000001111100000111110000011111000000111100000011110000001111000
0001111000001111110000111110000001111000001111100000111110000001111000000111100000011100000001111000
0001111100001111110000011111000011111100001111110000011111000001111100000111100000011100000001110000
0001111100000111110000011111000011111100001111110000011110000001111000000111100000011100000001110000
0001111100000111110000111111000011111100001111110000111110000001111000000111100000011100000001110000
0111111100011111111001111111100011111100000111110000011111000001111100001111000000111110000000011000
0111111100011111111001111111100011111100000111110000011111000001111100001111100000111110000000011000
0000111100000111110000111111000011111100001111100000011110000011111000001111100000111000000011000000
0000111100000111111000111111100011111100001111100000111111000011111000011111100001110000000111000000
0001111000001111110000111111000011111000001111110000111111000001111000000111100000011110000001100000
0001110000000011110000111110000111111100011111111000111111100011111000000111110000011110000000111000
0000111000000011110000111111000011111100001111110000111111000001111100000111110000001111000000011100
0000111000000011100000011111000011111100001111110000111111000001111100000111110000001111000000011100
0000111000000011100000011111000011111100001111110000111111000001111100000111110000001111000000011100
0001111000000111110000000111000000001100000001110000111111100111111110011111110001111110000100110000
0000001110011111111001111111100111111110011111111000111111100011111100001111110000111111000010000000
0001111000001111111000111111000111111100001111100000111111000011111100001111100001111100000111000000
0000111100000111111000111111000011111000001111110000111111000011111000001111100001110000000111000000
0000111100000111110000011110000011111100001111110000111110000001111000001110000000111000000011000000
0000111100000111110000011110000011111000001111110000111110000001111000001111000000111100000011000000
0001111000000111110000011110000011111000001111100000111110000001111000000111000000111100000011100000
0011011100011111110001111111100011111100001111110000011111000001111000001111100000111000000011000000
0001111000001111110000111111000011111100001111110000111111000001111000000111100000011110000001100000
0001111100000111110000111111000011111100001111110000111111000001111000000111100000011100000001100000
0011011000011111111001111111100111111110001111111000011111000001111000001110100000111000000011100000
0001111100001111110000111111000011111100001111110000111111000001111100000111100000011110000001100000
0001111100000111110000111111000011111100001111110000111111000001111000000111100000011110000001100000
0001111100001111110000111111000011111100001111110000111111000001111000000111100000011010000001100000
0001111100001111110000111111000011111100001111110000111111000001111000000111100000011110000001100000
0000011000000011100000011111000001111000001111100000111111000001111000000111100000001110000000100000
0000011000000111110000111111000011111000001111110000111111000001111100000111100000011110000001100000
0001111100001111110000111111000011111100001111110000011111000001111000000111100000011110000001100000
0000111100000111111000111111000011111100001111100000011110000011111000011111100001111100000011000000
0001110000000111100000011111100001111110000111111100111111110111111100111111110011111000000011100000
0001100000000111100000011111100001111110000111111000011111100111111110011111110001111000000011100000
0001110000000111000000011111100001111110000111111100111111110111111100111111110011111000000011100000
0011110000001111010000111111000001111110000111111000111111100111111100011111110001110000000011000000
0001111100001111110000111111000011111000001111110000111111000001111000001111100000111110000011100000
0001111100001111110000111111000011111000001111110000111111000001111000001111100000111100000011100000
0000011000000111100000011111000011111000001111100000111111000001111000000111100000011110000001100000
0000001000000111110000011111000001111000001111110000111111000001111100000111100000011100000001110000
0000001000000111100000011111000001111100001111100000111111000001111000000111100000011110000001100000
0000011000000011100000011111000001111100001111100000111111000001111000000111100000011110000001110000
0001111100000111110000011111000011111100001111110000111111000001111000000111100000111110000011110000
0001111100001111110000111111000011111100001111110000111111000001111000000111100000111110000011100000
0000111110000011111000111111000111111100011111111000111111000001111100001111110000111000000011100000
0000111100000111110000011111000011111100001111110000111111000001111100001111100000111100000011100000
0001111100000111110000011111000011111100001111110000111111000001111000000111100000011110000001100000
0000111100000111110000011111000011111000001111110000111111000001111000000111100000011000000001100000
0000011110000011111000111111000111111100011111110000111111000001111100001111100000111010000011100000
0000111110000011111001111111000111111100011111110000111111000011111100001111100000111100000011100000
0000011110000011111001111111000111111100011111110000111111000011111100001111100000111000000011000000
0000011110000011111001111111000111111100011111110000111111000011111100001111100000111000000011000000
0000111100000111110000011111000011111100001111110000111111000001111100001111100000111110000011100000
0000111100000111110000111111000011111100001111110000111111000001111000001111100000111100000011100000
0000111110000011111000111111000011111100011111110001111111000011111100001111100000111100000011000000
0000111100000111111000111111000011111100001111110001111111000001111100001111100000111100000011110000
0001111100000111110000111110000011111100001111110000011111000001111000001111000000111000000011110000
0000111100000111110000011111000011111100001111110000111111000001111100000111100000011100000001110000
0000011000000111100000011111000011111000001111110000111110000001111000000111100000011000000001100000
0000011000000111100000011111000011111100001111100000111110000001111000000111100000011100000001110000
0000011000000111100000011111000011111000001111100000111110000001111000000111100000011110000001110000
0000011000000111100000011111000001111000001111100000111110000001111000000111100000011110000001110000
0001111100000111110000111111000011111100001111110000011111000001111000001111100000111000000011000000
0000111100000111111000111111000011111100001111110000011111000011111000001111100001111000000011000000
0000111100000111110000111111000011111100001111110000011111000001111000001111100000111000000011100000
0000111000000111110000011111000001111000001111100000111110000001111000000111000000111100000001100000
0000111000001111100000111110000011111100001111110000111111000011111000000111000000011100000001111000
0000111000000111100000111110000011111100001111110000111111000011111000000111100000011110000001111000
0000011000000111100000011111000011111100001111110000111111000001111000000111100000011110000001111000
0000011000000111100000011111000011111100001111110000111111000001111000000111100000011110000001111000
0000011000000111100000111110000011111000001111110000111111000011111000000111100000011100000001110000
0000011000000111100000111110000011111000001111110000111111000011111000000111100000011100000001110000
0000011000000011100000011111000001111000001111100000111111000001111000000011100000011110000001110000
0000011000000011100000011111000001111100001111100000111111000001111000000111100000011110000001110000
0001111100001111110000111111000011111100001111110000011111000001111000000111100000111100000011110000
0000001000000111110000011111000001111000001111110000111111000001111000000111100000111100000011110000
0000111000000111110000011111000011111000001111110000111111000001111000000111100000111100000011110000
0001111100000111110000011111000011111100001111110000011111000001111000000111100000111100000011110000
0001111100001111110000111111000011111000001111110000011111000001111000000111100000111100000011110000
0001111100000111110000111111000011111100001111110000011111000001111000000111100000111100000011110000
0001111100000111110000111111000011111100001111110000011111000001111000000111100000111100000011110000
0000001100000111110000011111000011111000001111110000111111000001111000000111100000111100000011110000
0001111100000111110000011111000011111100001111110000011111000001111000001111100000111100000011110000
0001111100000111110000011111000011111100001111110000011111000001111000000111100000111100000011110000
0000111000000111110000011111000011111000001111110000011111000001111000000111100000111100000011110000
0001111100000111110000011111000011111100001111110000011111000001111000000111100000111100000011110000
0001111100000111110000011111000011111100001111110000011111000001111000000111100000111100000011110000
0001111100000111110000111111000011111100001111110000011110000001111000000111100000111100000011110000
0001111100000111110000011111000011111100001111110000011111000001111000000111100000111100000011110000
0001111100000111110000011111000011111100001111110000011111000001111000000111100000111100000011110000
0000001000000111100000011111000001111000001111100000011110000001111000000111100000111100000011110000
0000001000000111110000011111000001111000001111100000111110000001111000000111100000011100000001110000
0000011000000111100000111110000011111000000111110000111111000011111000000111100000011100000001110000
0000001000000111110000111111000011111000001111110000111111000001111000000111100000011110000001110000
0000001000000111100000111111000011111000001111110000111111000001111000000111100000011110000001110000
0000001000000111110000011111000001111000001111100000111111000001111000000111100000011110000001110000
0000011000000011100000011110000001111000001111100000111111000001111000000111100000011110000001110000
0000001000000111100000011111000001111000001111110000111111000001111100000111100000011110000001100000
0000111000000111110000111111000001111000001111110000111111000001111000000111100000011110000001100000
0000011000000111100000011111000011111000001111100000111111000001111100000111100000011110000001110000
0001111000000111110000111111000011111000001111110000111111000001111000000111100000011110000001110000
0000011000000011100000011110000011111000000111100000111110000001111000000111100000011110000001110000
0000011000000011100000011111000011111000001111100000111110000001111000000111100000011110000001100000
0000111000000111110000111111000011111000001111110000111111000001111000000111100000011110000001100000
0001111100001111110000111111000011111000001111110000111111000001111000001111100000111100000011000000
0001111000000111110000111111000011111000001111100000111110000011111000001111000000111100000011000000
0000011000000111100000011110000011111100001111100000011110000001111000000111100000011110000001100000
0001110000000111100000111110000011111100001111110000011110000001111000000111100000001110000000110000
0001111000000111100000111111000011111100001111110000111110000001111100000111110000001111000000011000
0000001110000000111000001111100011111110011111100001111110000111111100001111110000011110000000111000
0000001110000001111000001111100011111110001111100001111110000011111100001111110000011111000000001000
0000001110000001111000001111100011111110011111100001111111000011111100001111110000011111000000001100
0001111000000111110000111111000011111100001111110000011111000001111100000111100000011110000000111000
0001111000000111110000111110000011111000001111110000111110000001111000000111100000011100000001100000
0000111100000111111000111111100011111100001111110000111111000011111000001111000001111000000111100000
0000111100000011111000111111100011111100001111110000111111000011111000011111000001111000000111100000
1111111111100111110110011111011011111101101111110110111110011001111001100111000110111100011111111111
0000111000000111110000011110000011111100001111100000111110000001111000000111000000011100000001100000
0001111000000111110000011110000011111100001111100000111110000001111000000111000000011100000001110000
0001111000000111110000111110000011111000001111110000111110000001111000000111100000011100000001100000
0000011000000111110000111111000011111100001111110000111111000011111100001111110000011111000001111000
0001111000001111110000111111000011111100001111110000111111000011111100001111110000011111000001111000
0000111000000111100000011110000001111000000111100000011110000001111000000111000000011100000001111000
0000011000000111100000011110000001111000001111100000111110000001111000000111100000011100000001110000
0000001000000111110000011111000001111000001111110000111110000001111000000111100000011100000001110000
0000001000000111110000011111000001111000001111110000111111000001111000000111100000011100000001110000
0000001000000111110000011111000001111000001111110000111111000001111000000111100000011100000001110000
0001111100001111110000111111000011111100000111110000011111000001111000001111000000111100000001110000
0000011000000111100000011110000001111000001111110000111110000001111000000111100000011100000001110000
0001111000001111110000111110000001111000001111110000011110000001111000000111100000011000000001100000
0000111000000111110000111110000001111000001111110000111111000001111000000111100000011110000001100000
0000111000000111110000111111000011111100001111110000111111000001111100000111100000011110000001110000
0001111100000111110000111110000011111100001111110000011111000001111000001111100000111000000011110000
0001111000000111110000011111000011111000001111100000111110000011110000001111000000111000000011100000
0001111100000111110000011111000011111000001111110000011111000001111000001111100000111110000011100000
0000011000000011100000011111000001111000001111100000111110000001111000000011100000001110000000110000
0000111000000011100000011111000011111000001111110000011111000001111100000011110000001110000000110000
0000111000000011110000011110000011111000000111110000011111000001111100000011100000001110000000110000
0000011000000111100000011110000001111000001111100000011110000001111000000011100000011100000001110000
0001111100000111110000111110000011111000001111110000011110000001111000001111100000111100000001100000
0001111100001111110000111111000011111000001111110000111111000001111000000111100000111100000011110000
0001111100001111110000111111000011111100001111110000011111000001111000000111100000111110000011100000
0000011000000011100000011110000011111100000111100000011110000001111000000111100000011110000001100000
0000011000000111110000111111000011111100001111110000011111000011111100001111110000011111000000111000
0000011000000111100000111111000011111100000111100000011110000001111000000011100000001110000000110000
0000011000000111110000111111000011111100000111100000011110000001111000000111100000001110000000110000
0000001100001111110000111111000011111100001111110000011111000001111100000111110000011111000001111000
0011111100001111110000111111000011111100001111110000111111000011111100000111110000011111000000111000
0000011000000111110000011111000001111000001111110000111111000011111000000111100000011000000001100000
0000011000000111100000011110000001111100001111100000111110000001111000000011000000011100000001100000
0001111000000111100000011110000001111000000111100000011110000001111000000011000000011100000000110000
0000011000000111100000011110000001111000000111100000011110000001111000000111000000011100000001111000
0000011000000111100000011110000001111000000111100000011110000001111000000111000000011100000001111000
0000011000000111110000011111000001111000001111100000011110000001111000000111100000011100000001110000
0000111000000111110000011111000011111000001111110000111110000001111000000111100000011000000001100000
0000111000000111110000011111000001111000001111110000111110000001111000000111100000011000000001100000
0000001000000111110000111111000011111000001111110000111111000001111000000111100000011110000001100000
0000001000000111110000011111000001111100001111100000111111000011111100000111100000011110000001100000
0001111100001111110000111111000011111000001111110000111111000001111000000111100000011110000001111000
0001111100000111110000011110000011111100001111110000111111000001111000001111100000111000000011100000
0000011110000011111001111111000111111110001111111000111111100011111110011111110001111000000111100000
0001111100001111110000111110000011111000001111100000111110000001111000000111100000111100000011110000
