100
0011110000001011000011111100001111110000011111000001111100000111111111001111111000111110000011110000
0011110000001111000011111100001111110000011111000001111100000111111111001111111000111110000011110000
0011110000001111000011111100001111110000011111000001111100000111111111001111111000111110000011110000
0011110000001111000011111100001111110000011111000001111100000111111111011111111000111110000011110000
0011110000001111000011111100001111110000011111000001111100000111111111001111110000111110000011110000
0011110000001111000011111100001111110000011111000001111101110011111111001111110000111110000011100000
0011110000001111000011111100001111110000011111000001111101110011111111001111110000111110000011110000
0011110000001111000011111100001111110000011111000001111100110011111111001111110000111110000011110000
0011010000001111000010111100001111110000011111000001111100110011111111001111110000111110000011110000
0001110000001111000011111100001111110000011111101000111111110011111110000111110000011110000001110000
0011110000001111100001111100000111110000011111000001111100000111111110011111111001111110000111100000
0001110000000111000001111100000111110000001111011000111111000011111100001111100000111100000011110000
0011110000001111100011111110001111110000011111000001111101110011111110001111110000111110000011110000
0011110000001111000001111100000111110000011111000001111101100111111110011111110000111110000011110000
0011110000001111000011111100001111110000011111000001111101110011111110001111110000111110000011110000
0011110000001111000011111100001111110000011111000001111101110111111110011111110000111110000011110000
0011110000001111000001111100000111110000011111000001111101100111111110011111110000111110000011100000
0011110000001111000011111100000111110000011111000001111101110011111110001111110000111110000011110000
0011110000001111000001111100000111110000011111000001111101100111111110001111110000111110000011110000
0011110000001111000011111100001111110000011111000001111101110011111110001111110000111110000011110000
0011110000001111000001111100000111110000011111000001111101100111111110011111110000111110000011110000
0011110000001111000001111100000111110000011111000001111101100111111110011111110000111110000011110000
0011110000001111000011111100001111110000011111000001111101110011111110001111110000111110000011110000
0011110000001111000011111100001111110000011111000001111101110011111111001111110000111110000011110000
0011110000001111000011111100001111110000011111000001111100100111111111011111110001111110000011110000
1111111111100111100111111110011111111001101111111110111111111011111101101111110110111110011111111111
0001111000000111100001111110000111111000001111111000111111100011111110001111110000111110000001110000
0011110000001111000011011100000111110000011111000001111101110011111110001111110000111110000011110000
0010110000001111000001111100000111110000011111000001111101100111111110011111110000111110000011100000
0011110000001111000001111100000111110000011111000001111101100111111110011111110001111110000011100000
0011110000001111000011111100001111110000011111000001111101110011111110001111110000111110000011110000
0011110000001111000010111100001111110000011111000001111100000111111111011111111000111110000011110000
0011111000001111100001111110000111111000011111000001111101100011111110001111110000111110000011110000
0001111000000111100001011110000111111000011111101000111111100011111110001111110000111110000001110000
0001110000000111000001111110000111111000011111111000111111100011111100001111110000111110000011110000
0011110000001111100001011110000111111000011111111000111111100011111110001111110000111110000001110000
0011110000001111100001111110000111111000011111101000111111100011111110001111110000111111000001111000
0011110000001111100001111110000111111000011111101000111111100011111110001111110000111110000001110000
0001110000000111100001011110000111111000011111111000111111100011111110001111110000111111000011110000
0001111000000111100001011110000111111000011111111000111111100011111110000111110000011111000001111000
0011110000001111000001011110000111111000011111111000111111100011111100001111110000111110000001110000
0011110000001111000001111100000111110000011111001000111101100011111100001111110000111110000011110000
0011110000001111000001111110000111111000011111001001111111100011111110001111110000111110000011110000
0011010000001101000001111100000111110000011111011000111111100011111100001111110000111110000011110000
0011110000001111000001111100000111110000011111000000111111100011111110001111110000111110000011110000
0001110000000111000001011100000111110000011111001000111101100011111110001111110000111110000011110000
0011111000001111100001111110000111111000011111101000111111100011111110001111110000111110000011110000
0001111000000111100011011110001111111000011111100000111111110011111110001111110000111110000011110000
0001110000000111100011011110000111111000011111000001111101110011111110001111110000111110000011110000
0001111000000111100001011110000111111000011111101000111111100011111110001111110000111111000001110000
0001111000000111100001011110000111111000011111101000111111100011111110001111110000111110000011110000
0001111000000111100001111110000111111000001111111000111111100011111110001111110000111111000001110000
0001110000000111000001111100000111110000001111111000111111000011111100001111100000111110000011110000
0001111000000111100001011110000111111000011111111000111111100011111110001111110000111111000001110000
0011110000001111000010111100001111110000011111000001111111110011111111001111110000111110000011100000
0011110000001111000010111100001111110000011111000001111101110011111111001111110000111110000011110000
0011110000001111000010111100001111110000011111000001111111110011111110001111110000111110000011110000
0011110000001111000011111100001111110000011111101100111111110011111110001111110000111110000001110000
0011100000001111000001111100000111110000011111011001111111100111111100001111100000111100000011110000
0011110000001111000001111100000111110000011111011000111111100011111100001111110000011110000001110000
0011110000001111000011111100001111110000011111001000111111110011111110001111110000111110000011110000
0011110000001111000011111100001111110000011111000001111101110111111110001111110000111110000011110000
0011110000001111000011111100001111110000011111000001111101110111111111001111110000111110000011110000
0010111000001011100010111110001111110000111111000001111110110011111111001111110000111110000011110000
0000111000001011100010111110001111111000111111000001111110110011111111001111110000111110000011110000
0111011000011111100010111110001111111000111111000001111111110011111111001111110000111110000001110000
0011111000011111100010111110001111111000111111000001111111110011111111001111110000111110000001100000
0001110000001111100010111110001111110000111111000001111110110011111111001111110000111110000001110000
0011110000001111100010111110001111110000111111000001111111110011111111001111110000111110000001110000
0011110000001111000011111100001111110000011111000001111111110011111110001111110000111110000011110000
0011110000001111000001111100000111110000011111011001111101100011111100001111110000111110000011110000
0011110000001111000001111100000111110000011111011000111101100011111100001111110000111110000011110000
0001111000000111100001111110000111111000011111111000111111100011111100001111110000111110000001110000
0011110000001111000001111110000111111000011111011000111111100011111100001111110000111110000001110000
0001111000000111100001111110000111111000001111111000111111100011111100001111110000011110000001110000
0011110000001111000001111100000111110000011111000001111101100011111110001111110000111110000011110000
0011111000001111100001011110000111111000011111111000111111100011111110001111110000111111000001111000
0001111000000111100001111110000111111000001111111000111111100011111110000111110000011111000001111000
0011110000001111000011111100001111110000011111000001111101110011111110001111110000111110000011110000
0001111000000111100001111110000111111000001111111000111111100011111110000111111000011111000001111000
0011110000001111000011111100001111110000011111000001111101110011111110001111110000111110000011110000
0011110000001111000001111100000111110000011111001000111111100011111110001111110000111110000011110000
0011111000001111100001011110000111111000011111111000111111100011111110001111110000011111000001111000
0001111000000111100001111110000111111000001111111000111111100001111110000111110000011111000001111000
0011111000001111100001111110000111111000011111111000111111100011111110001111110000011111000001111000
0011110000001111100001111110000111111000011111101000111111100011111110001111110000111111000001110000
0011110000001111000011111100001111110000011111000001111111110011111110001111110000111110000011110000
0011110000001111000001111110000111110000011111001000111111100011111110001111110000111110000011110000
0001111000000111100001011110000111111000011111111000111111100011111110001111111000011111000001111000
0001111000000111100001111110000111111000001111111000111111100001111110000111110000011111000001111000
0011110000001011000010111110001111111000111111100001111111110011111110001111110000111110000001110000
0011110000001111000011111100001111110000011111000001111101110111111110011111110000111110000011110000
0011111000001111100011111110001111111000011111101100111111110011111110001111110000111110000011110000
0011110000001111000011111100000111110000011111001100111111110011111110001111110000111110000001110000
0011110000001111100011111110001111111000011111100000111111110011111110001111110000111110000011110000
0011110000001111100011111110001111111000011111101100111111110011111110001111110000111110000011110000
0011110000001111000011111100001111110000011111001100111111110011111110001111110000111110000011110000
0011110000001111000001111100000111110000011111111000111111100011111110001111110000111110000001110000
0011111000001111100011111110001111110000011111000001111111110011111110001111110000111110000011110000
0001110000000111000001011100000111110000011111011000111111100011111110001111110000111110000011110000
