0000000000000000000001111111001111111110000011111000011111110000111111000000011000000000000000000000
0000000000000000000001111110001111111110000111111000011111110000111111000000011000000000000000000000
0000000000000001100001111111101111111111110011111100001111110000011111000000011100000000110000000000
0000000000011011100011111111001111111111000011111100001111110000011111000000011000000000100000000000
0000000000000000000011111110001111111110000011111100001111110000111110000001111000000000000000000000
0000000000000000000000001111000111111111111111111111001111110000111111000001111000000000000000000000
0000000000000000000001111111001111111110000011111000011111110000111111000000011000000000000000000000
0000000000000000000001111110001111111110000111111000011111110000111111000000011000000000000000000000
0000000000000001100001111111101111111111110011111100001111110000011111000000011100000000110000000000
0000000000011011100011111111001111111111000011111100001111110000011111000000011000000000100000000000
0000000000000000000011111110001111111110000011111100001111110000111110000001111000000000000000000000
0000000000000000000000001111000111111111111111111111001111110000111111000001111000000000000000000000
0000000000000000000000001111000111111111111111111111001111110000111111000001111000000000000000000000
0000110000111111110011111111100001111110000111111000001111100000001111000000011100000001100000000010
0000000000011111100011111111100001111110000111111000001111110000001111000000011000000000100000000000
0000000000000000000000111110001111111110110111111000011111110000111111000000011000000000000000000000
0000110000111111110011111111100001111110000111111000001111100000001111000000011100000001100000000010
0000000000011111100011111111100001111110000111111000001111110000001111000000011000000000100000000000
0000000000000000000000111110001111111110110111111000011111110000111111000000011000000000000000000000
0000000000000000000000011111001111111111111011111100001111110000111111000001110000000000000000000000
0000000000000000000000111110001111111111111011111100001111110000111111000001111000000000000000000000
0000000000000000000000011111001111111111111011111100001111110000111111000001110000000000000000000000
0000000000000000000000111110001111111111111011111100001111110000111111000001111000000000000000000000
0000000000000000000001111110001111111111111011111100001111110000111111000001111000000000000000000000
0000000000000000000000011110001111111111111011111100001111110000111111000001111000000000000000000000
0000000000000000000000111110001111111111111011111100001111110000111111000001111000000000000000000000
0000000000000000000000011110001111111111111111111100001111110000111111000001111000000000000000000000
0000000000000000000011111110001111111110000011111100001111110000111111000001111000000000000000000000
0000000000111000000011111100000111111100000111111100001111110001111111000011111100000111100000000000
0000000000000000000000000110000111111111111111111100001111110000111111000001110000000000000000000000
0000000000000000000000000110000111111111111111111111001111110000111111000000111000000000000000000000
0000000000000000000000000110000011111111111111111111101111110000111111000000110000000000000000000000
0000000000000000000000011111001111111111111111111100011111110000111111000001111000000000000000000000
0000000000000000000000001111001111111111111111111100001111110000111111000001111000000000000000000000
0000000000000000000000001100000111111111111111111111001111110000111111000001111000000000000000000000
0000000000000000000000001111100011111111111111111111101111110000111111000001100000000000000000000000
0000000000000000000001111111001111111111111111111100011111110000111111000001111000000000000000000000
0000000000000000000000000111001111111111111111111100001111110000111111000001111000000000000000000000
0000000000000000000000000111001111111110111111111100011111110000111111000001111100000000000000000000
0000000000000001100011111111101111111111000111111100001111110000011111000000111000000011100000000000
0000000000000001110011111111100111111111000111111100001111110000011111000001111000000011000000000000
0000000000000000000011100111001111111110001111111100011111110000111111000001111100000000000000000000
0000000000000000000000001110000000111111111111111100111111110001111111000011111100000000000000000000
0000000000000000000000001111001111111111111111111100011111110001111111000001111000000000000000000000
0000000000000000000000001111001111111110111111111100011111110000111111000001111100000000000000000000
0000000000000001100011111111101111111111000111111100011111110000011111000000110000000011000000000000
0000011000111111110001111111100001111111000111111100001111110000011111000001100000000111000000001100
0000000000000000000011111111001111111110000111111100011111110001111111000011111100000000000000000000
0000000000000000000011111111001111111110000111111100011111110001111111000011111000000000000000000000
0000000000000000000011111111001111111110000111111100011111110001111111000011111000000000000000000000
0000000000000000000011111111001111111110000111111100011111110000111111000000111000000000000000000000
0000000000000000000011111110001111111110000111111100011111110000111111000000011100000000000000000000
0000000000000000000011111111001111111110000111111100011111110000111111000001111100000000000000000000
0000000000000000000000011110001111111110111111111100011111110000111111000000101000000000000000000000
0000000000000000000000001111100111111111111111111100001111110000111111000000011100000000000000000000
0000000000000000000000001111100001111110111111111111101111110000111111000000011100000000000000000000
0000000000000000000000011111100001111110011111111111111111111000111111000000011100000000000000000000
0000000000000000000000001100000011111110111111111111011111110001111111000000001100000000000000000000
0000000000000000000000001100001111111110111111111100011111110001111111000000001100000000000000000000
0000000000000000000000001110001111111110111111111100011111110001111111000000001100000000000000000000
0000000000000000000000011110001111111111111111111100001111110000111111000001110000000000000000000000
0000000000000000000001111111001111111111111011111100001111110000111111000001111000000000000000000000
0000000000000000000011111110001111111111000011111100011111110000111111000001111000000000000000000000
0000000000011000000001111111000111111100111111111011111111111111111111001111011000000001100000000000
0000000000011000000001111111000111111100111111111011111111111111111111001111111100000001100000000000
0000000000000000000000001100001111111110111111111100011111110001111111000011011000000000000000000000
0000000000000000000000001110001111111110111111111100011111110001111111000011111000000000000000000000
0000000000000000000000001110001111111110111111111100011111110001111111000011111000000000000000000000
0000000000000000000000001110001111111111111111111100011111110001111111000001111000000000000000000000
0000000000000000000000001110001111111111111111111100011111110001111111000011111000000000000000000000
0000000000000000000000001111001111111111111111111100011111110000111111000000011000000000000000000000
0000000000000011100011111111111111111111000111111100011111110000111111000000111100000001100000000000
0000000000000100000011111111001111111100001111111000111111110001111111000000011100000000100000000000
0000000000000010000000011111001111111110111111111100011111110000111111000000011100000000100000000000
0000000000000000000011111111001111111110000111111100011111110000111111000011111100000000000000000000
0000000000111111000011111110000001111100001111111000111111110001111111000011111100000001100000000000
0000000000011111000001111111001111111100111111111011111111110111111111000001111100000001100000000000
0000000000000000000001111110001111111110011111111100111111110001111111000000011000000000000000000000
0000000000000000000011111110001111111110000111111100011111110000111111000011111000000000000000000000
0000000000000000000011111110001111111111000111111100011111110000111111000001111100000000000000000000
0000000000000000000000001110001111111110111111111100011111110001111111000000111100000000000000000000
0000000000000000000000001100000111111110111111111100011111110001111110000011000000000000000000000000
0000000000000000000000001000000111111110111111111111011111110001111111000011001000000000000000000000
0000000000000000000000001000000111111110111111111100011111110001111111000011001100000000000000000000
0000000000000000000000001100000111111110111111111111011111110001111111000001101000000000000000000000
0000000000000000000000001110000111111110111111111110011111110001111110000011000000000000000000000000
0000000000000000000000001100000111111110111111111111011111110001111111000001101000000000000000000000
0000000000000000000000001000000111111110111111111100011111110001111111000001101000000000000000000000
0000000000000000000000001111101111111111111111111100011111110000111111000000011100000000000000000000
0000000000000000000000001111001111111111111111111100011111110000111111000001011100000000000000000000
0000000000000000000000001111101111111111111111111100011111110000111111000000011000000000000000000000
0000000000000000000000001111101111111111111111111100011111110000111111000000011000000000000000000000
0000000000000000000000001111001111111111111111111100011111110000111111000000011000000000000000000000
0000000000000011000001111111111111111111000111111100011111110000011111000000011100000001100000000000
0000000000000011000000001111101111111110111111111100011111110000111111000000011100000000100000000000
0000000000000011000001111111101111111111111111111100011111110000111111000000011100000001100000000000
0000000000000011000001111111101111111111000111111100011111110000111111000000011100000001100000000000
0000000000000011110011111111111111111111000111111100001111110000001111000000111100000001100000000000
0000000000000000000000001111101111111111111111111100011111110000111111000000011000000000000000000000
0000000000000011100011111111111111111111000111111100011111110000011111000000011100000001100000000000
0000000000000000000011111110001111111110000111111100011111110001111111000011111100000000000000000000
0000000000000000000000001111100111111111111111111111001111110000111111000000011000000000000000000000
0000000000000000000000001111100111111110111111111100011111110000011111000000011000000000000000000000
0000000000000000000000001100000001111110111111111111111111110000111111000001110000000000000000000000
0000000000000000000000001100000111111111111111111111111111110001111111000001110000000000000000000000
0000000000000000000001111111101111111110011111111100011111110000111111000000011000000000000000000000
0000000000000000000000001111101111111111111111111100011111110000011110000000011000000000000000000000
0000000000000011000000001111101111111111111111111100011111110000111111000000011000000000100000000000
0000000000000000000000001111101111111111111111111100011111110000111111000000011000000000000000000000
0000000000000000000000001100001111111110111111111100011111110001111111000011111100000000000000000000
0000000000000000000000001100000111111110111111111000011111110001111111000011111000000000000000000000
0000000000000000000000001100000111111111111111111100011111110001111111000001111000000000000000000000
0000000000000000000000001100000111111111111111111111011111110001111111000001110000000000000000000000
0000000000000000000000001111101111111111111111111100011111110000111111000000011100000000000000000000
0000000000000011000000001111101111111111111111111100011111110000111111000000011100000000100000000000
0000000000000000000000001111001111111110111111111100011111110000111111000000011100000000000000000000
0000000000000000000000001100000111111110111111111100011111110001111111000000001000000000000000000000
0000000000000000000000011100000111111110111111111100011111110001111111000000011000000000000000000000
0000000000000000000000011111101111111110111111111100011111110000111111000000011100000000000000000000
0000000000000000000000011111101111111110111111111100011111110000111111000000011100000000000000000000
0000000000000000000000011111100111111110111111111100011111110000111111000000011100000000000000000000
0000000000000000000000001110000011111110111111111111111111110001111111000001001000000000000000000000
0000000000000000000000011111101111111110111111111100011111110000111111000000011100000000000000000000
0000000000000000000000001111000011111111111111111111111111110001111111000011000000000000000000000000
0000000000000000000000001111000011111111111111111111111111110001111111000011000000000000000000000000
0000000000000000000000001110000011111111111111111111111111110001111111000011000000000000000000000000
0000000000000000000000001111000011111111111111111111111111110001111110000011100000000000000000000000
0000000000000000000000001111000011111111111111111111111111110001111110000011100000000000000000000000
0000000000000000000000001111000011111111111111111111111111110001111110000011100000000000000000000000
0000000000000000000000001100000011111110111111111111111111110001111111000001111000000000000000000000
0000000000000000000000001110000111111111111111111100001111110000111111000001111000000000000000000000
0000000000000000000000001110001111111111111111111100011111110001111111000011111000000000000000000000
0000000000000000000000001100001111111111111111111100011111110001111111000011111000000000000000000000
0000000000000000000000011110001111111110111111111100011111110001111111000000011100000000000000000000
0000000000000000000000001110001111111110111111111100011111110001111111000000011100000000000000000000
0000000000000000000000001110001111111111111111111100011111110000111111000000111100000000000000000000
0000000000000000000000011110000111111110111111111100011111110001111111000000011100000000000000000000
0000000000000000000000011110001111111110111111111100011111110001111111000000011100000000000000000000
0000000000000000000000001110001111111110111111111100011111110001111111000000011100000000000000000000
0000000000000010000011111110001111111110000111111100011111110000111111000000011100000000000000000000
0000000000000000000000011000000011111110111111111111111111110001111111000011001000000000000000000000
0000000000000000000000011000000011111110111111111111111111110001111111000011000000000000000000000000
0000000000000000000000011100000011111110111111111111111111110001111111000011000000000000000000000000
0000000000000000000000000110000011111110111111111111111111110001111110000011100000000000000000000000
0000000000000000000000001110000111111110111111111111011111110001111110000011000000000000000000000000
0000000000000000000000001110000111111110111111111111011111110001111110000011100000000000000000000000
0000000000000000000000001111000111111110111111111100011111110001111110000011100000000000000000000000
0000000000000000000000001111000111111110111111111100011111110001111110000011100000000000000000000000
0000000000000000000000001111000111111110111111111111011111110001111110000011100000000000000000000000
0000000000000000000000001111000111111110111111111100011111110001111110000011100000000000000000000000
0000000000000000000000001111001111111110111111111100011111110001111110000011100000000000000000000000
0000000000000000000000001111100011111111111111111111111111110001111110000001100000000000000000000000
0000000000000000000000001111100001111111011111111111111111111101111110000001100000000000000000000000
0000000000000000000000001110000111111110111111111111011111110001111111000001100000000000000000000000
0000000000000000000000001111100011111111111111111111111111110001111110000001100000000000000000000000
0000000000000000000000001111000111111111111111111111011111110001111110000001100000000000000000000000
0000000000000000000000001111100011111111111111111111111111110001111110000001100000000000000000000000
0000000000000000000000001111000111111111111111111111111111110001111110000001100000000000000000000000
0000000000000000000000001100000111111110111111111111011111110001111111000011111000000000000000000000
0000000000000000000000001100001111111110111111111100011111110001111111000011111000000000000000000000
0000000000000000000000001100001111111110111111111100011111110001111111000011111000000000000000000000
0000000000000000000000001100000111111110111111111111111111110001111110000011100000000000000000000000
0000000000000000000000001111000001111110111111111111111111110001111110000011100000000000000000000000
0000000000000000000000001100001111111110111111111000011111110001111111000011111100000000000000000000
0000000000000000000000001100001111111110111111111000011111110001111111000011111000000000000000000000
0000000000000000000000001100001111111110111111111000011111110001111111000011111000000000000000000000
0000000000110000000011111000000111111100000111111000111111110011111111000111111100000110000000000000
0000000000000000000000001100000111111110111111111000011111110001111111000011111000000000000000000000
0000000000000000000000001100000111111110111111111100011111110001111111000011111000000000000000000000
0000000000000000000011111100001111111110000111111000011111110001111111000011110000000000000000000000
0000000000000000000000001100000011111110111111111111111111110001111111000011100000000000000000000000
0000000000000000000011111110001111111110000111111000111111110001111111000111111000000000000000000000
0000000000000000000011111111001111111110001111111000111111110001111111000111111000000000000000000000
0000000000000000000011111110001111111110000111111000111111110001111111000111111000000000000000000000
0000000000000000000000011000000111111110111111111000011111110001111111000011110000000000000000000000
0000000000000000000000011000000111111100111111111000111111110011111111000111000000000000000000000000
0000000000000000000000011110001111111111111111111100011111110001111111000001111000000000000000000000
0000000000000000000011111111001111111111000011111100011111110000111111000001111000000000000000000000
0000000000000000000001111111001111111110111111111100011111110001111111000011110000000000000000000000
0000000000000000000011111110001111111110000111111100011111110001111111000011111000000000000000000000
0000000000000000000011111110001111111110000111111100011111110001111111000011111000000000000000000000
0000000000000000000001111110001111111110010111111100011111110001111111000011110000000000000000000000
0000000000000000000001111110001111111110011111111100011111110001111111000011110000000000000000000000
0000000000000000000011111110001111111110000111111000011111110001111111000011110000000000000000000000
0000000000000000000000011000000111111110111111111111011111110001111111000000001100000000000000000000
0000000000000000000000001000001111111110111111111100011111110001111111000011011000000000000000000000
0000000000000000000000011000000111111110111111111100011111110001111111000000001000000000000000000000
0000000000000000000000011000000111111110111111111111011111110001111111000000001100000000000000000000
0000000000000000000000011000000111111110111111111111011111110001111111000000001100000000000000000000
0000000000000000000000010110000111111110111111111111011111110001111111000011000000000000000000000000
0000000000000000000000011110000111111110111111111110011111110001111111000011000000000000000000000000
0000000000000000000000001111000111111110111111111111011111110001111110000011100000000000000000000000
0000000000000000000000001111000111111110111111111111011111110001111110000011100000000000000000000000
0000000000000000000000001000000111111110111111111111011111110001111111000001001000000000000000000000
0000000000000000000000001111000111111110111111111111011111110001111110000011100000000000000000000000
0000000000000000000000001000000111111110111111111111011111110001111111000001001000000000000000000000
0000000000000000000000001110000111111110111111111111011111110001111111000011001000000000000000000000
0000000000000000000000001110000111111110111111111100011111110001111111000011100000000000000000000000
0000000000000000000000001100001111111110111111111100011111110001111111000001001000000000000000000000
0000000000000000000000001110001111111110111111111100011111110001111111000011011100000000000000000000
0000000000000000000011111110001111111110001111111100011111110001111111000011011100000000000000000000
0000000000000000000000001100000111111110111111111111011111110001111111000011001000000000000000000000
0000000000000000000000001100001111111110111111111100011111110001111111000011011000000000000000000000
0000000000000000000000011110001111111110011111111100011111110001111111000000011100000000000000000000
0000000000000000000000011100001111111110011111111100011111110001111111000011111100000000000000000000
0000000000000000000011111100001111111110000111111000011111110001111111000011111100000000000000000000
0000000000000000000000011000001111111110111111111100011111110001111111000010001000000000000000000000
0000000000000000000000011100001111111110111111111100011111110001111111000000011100000000000000000000
0000000000000000000011111100001111111110000111111100011111110001111111000011111000000000000000000000
0000000000000000000011111100001111111110000111111100011111110001111111000010011100000000000000000000
0000000000000000000001111100001111111110011111111100011111110001111111000011111000000000000000000000
0000000000000000000011111100001111111110000111111100011111110001111111000010011000000000000000000000
0000000000000000000000011111001111111100111111111100111111110001111111000000011000000000000000000000
0000000000000000000001111110001111111111011111111100011111110000111111000001111000000000000000000000
0000000000000000000001111111001111111111111011111100011111110001111111000001111100000000000000000000
0000000000000000000000011110001111111110111011111100011111110000111111000001111100000000000000000000
0000000000000000000000011110001111111110111111111100011111110001111111000011100000000000000000000000
0000000000000000000000011110001111111110111111111100011111110001111111000011101100000000000000000000
0000000000000000000000011110001111111110111111111100011111110001111111000011101000000000000000000000
0000000000000000000000001110001111111110111111111100011111110001111111000011100000000000000000000000
0000000000000000000000011110001111111110111111111100011111110001111111000011100000000000000000000000
0000000000000000000011111110001111111110000111111100011111110001111111000011111000000000000000000000
0000000000000000000000001111001111111110111111111100011111110001111110000011100000000000000000000000
0000000000000000000000001110001111111110111111111100011111110001111111000011100000000000000000000000
0000000000000000000000001111001111111110111111111100011111110001111110000011100000000000000000000000
0000000000000000000000001110001111111110111111111100011111110001111111000011101100000000000000000000
0000000000000000000000001110001111111110111111111100011111110001111111000011101100000000000000000000
0000000000000000000000001110001111111110111111111100011111110001111111000011100000000000000000000000
0000000000000000000000001000001111111110111111111100011111110001111111000011101000000000000000000000
0000000000000000000011110000001111111100000111111000011111110001111111000011111100000000000000000000
0000000000000000000011110000000111111000000111111000111111110011111111000111111100000000000000000000
0000000000000000000000001000000111111110111111111111011111110001111111000011101000000000000000000000
0000000000000000000000001100001111111110111111111100011111110001111111000011101000000000000000000000
0000000000000000000011111100001111111110000111111100011111110001111111000011110000000000000000000000
0000000000000000000011111000001111111100000111111000011111110001111111000011111100000000000000000000
0000000000000000000011111100001111111110000111111100011111110001111111000011101000000000000000000000
0000000000000000000000001100001111111110111111111100011111110001111111000011101000000000000000000000
0000000000000000000000001000000001111110011111111111111111110001111111000011001100000000000000000000
0000000000000000000000001100001111111110111111111100011111110001111111000011101100000000000000000000
0000000000000000000001111110001111111110010111111100011111110001111111000011111000000000000000000000
0000000000000000000011111100001111111100000111111000011111110001111111000011111100000000000000000000
0000000000000000000000001100001111111110111111111100011111110001111111000011101100000000000000000000
0000000000000000000000001000000001111110111111111111111111110001111111000011001000000000000000000000
0000000000000000000000010111000001111110011111111111111111111101111111000011000000000000000000000000
0000000000000000000000001000001111111110111111111100011111110001111111000011001000000000000000000000
0000000000000000000000001000001111111110111111111100011111110001111111000011101000000000000000000000
0000000000000000000000001110001111111111111111111100001111110000111111000001110000000000000000000000
0000000000000000000000001110001111111110111111111100111111110011111100000011000000000000000000000000
0000000000000000000001111110001111111110111111111101111111110011111111001110001000000000000000000000
0000000000000000000000011111001111111110111111111100011111110001111110000011000000000000000000000000
0000000000000000000000001111000011111111111111111111111111110001111111000001100000000000000000000000
0000000000000000000000001100001111111100111111111000011111110001111111000011111000000000000000000000
0000000000000000000000011111000111111110111111111111011111110001111100000010000000000000000000000000
0000000000000000000000011111001111111110111111111100011111110001111111000011011000000000000000000000
0000000000000000000000011110001111111110111111111100111111110011111110000110000000000000000000000000
0000000000000000000000011111001111111110111111111100011111110001111110000011011000000000000000000000
0000000000000000000000011111001111111110111011111100011111110001111111000011011000000000000000000000
0000000000000000000000011111001111111110111111111100011111110001111111000011111000000000000000000000
0000000000000000000011111111001111111110000111111100011111110001111111000011111000000000000000000000
0000000000000000000000011111000111111110111111111100011111110001111110000011000000000000000000000000
0000000000000000000000011111001111111110111111111100011111110001110110000011000000000000000000000000
0000000000001100000001111110000111111110011111111011111111101111111111011111111100111111000000000000
0000000000000000000000001100001111111110111111111100011111110001111111000011100000000000000000000000
0000000000000000000000011111001111111110111111111100011111110001111110000011100000000000000000000000
0000000000000000000000011111001111111110111111111100011111110001111110000011100000000000000000000000
0000000000000000000000001111001111111110111111111100011111110001111110000001100000000000000000000000
0000000000000000000000011111001111111110111111111100011111110001111110000001110000000000000000000000
0000000000000000000000011111001111111110111111111100011111110001111111000001110000000000000000000000
0000000000000000000000011111001111111110111111111100011111110001111111000011110000000000000000000000
0000000000000000000000011110001111111110111111111100011111110001111111000011110000000000000000000000
0000000000000000000000011110001111111110111111111100011111110001111111000011110000000000000000000000
0000000000000000000000011111001111111110111111111100011111110001111111000011110000000000000000000000
0000000000000000000000011111000111111110111111111100011111110001111111000011110000000000000000000000
0000000000000000000011111111001111111110000111111100011111110001111111000011111000000000000000000000
0000000000000000000011111111001111111110000111111100011111110001111111000011111000000000000000000000
0000000000000000000011111111001111111110000111111100011111110001111111000011111000000000000000000000
0000000000000000000011111111001111111110000111111100011111110001111111000011111000000000000000000000
0000000000000000000011111111001111111110000111111100011111110001111111000011111000000000000000000000
0000000000000000000001111110001111111100000111111100011111110001111111000011111000000000000000000000
0000000000000000000000001110000111111110111111111111011111110001111111000001000000000000000000000000
0000000000111000000011111111000111111110000111111000111111110001111111000111111100000011000000000000
0000000000000000000000001110000111111110111111111100011111110001111111000011100000000000000000000000
0000000000000000000011111110001111111110000111111000011111110000111111000000011100000000000000000000
0000000000000000000000011110001111111110111111111100111111110001111111000011000000000000000000000000
0000000000000000000011111111001111111100000111111000111111110001111111000111111000000000000000000000
0000000000000000000011111110001111111100001111111000111111110001111111000111101000000000000000000000
0000000000000000000011111110001111111100001111111000111111110001111111000111001000000000000000000000
0000000000000000000001111110001111111110000111111100011111110001111111000011110000000000000000000000
0000000000000000000011111111001111111110000011111100011111110001111111000011111000000000000000000000
0000000000000000000011111110000111111100000111111000011111110001111111000011111100000000000000000000
0000000000000000000000011110001111111110111111111100011111110001111111000011100000000000000000000000
0000000000000000000000001110000111111110111111111111011111110001111110000001100000000000000000000000
0000000000000000000000001111000011111111111111111111111111110001111110000001100000000000000000000000
0000000000000000000000001111000011111111111111111111111111110011111100000011000000000000000000000000
0000000000000000000000001111000011111110111111111111111111110011111110000111000000000000000000000000
0000000000000000000000001111000111111110111111111111011111110001111110000011100000000000000000000000
0000000000000000000000011110001111111100111111111100111111110001111111000011001000000000000000000000
0000000000000000000000111111001111111110010111111100111111110001111111000111110000000000000000000000
0000000000000000000000011111001111111110111111111100011111110001111110000011100000000000000000000000
0000000000000000000000011111001111111110111111111100011111110001111111000011110000000000000000000000
