0000000000011110000011111100001111110000111111000011111111110111111111001110000000111000000000000000
0000000000000110000011111100001111110000111111000011111111110111111111001111100000111000000000000000
0000000000000000000000111000000111110000111111000011111111111111111111011110000000000000000000000000
0000000000000000000000111000000111110000111111011111111111111111111110011111000000000000000000000000
0000000000000000000001111100001111110000111111000011111100001111111111000111111100000000000000000000
0000000000000000000000111000000111110000111111000011111111111111111111011110000000000000000000000000
0000000000000000000000111000000111110000111111011111111111111111111110011111000000000000000000000000
0000000000000000000001111100001111110000111111000011111100001111111111000111111100000000000000000000
0000000000000000000000111000000111110000111111000011111111111111111111011110000000000000000000000000
0000000000000000000000111000000111110000111111011111111111111111111110011111000000000000000000000000
0000000000000000000001111100001111110000111111000011111100001111111111000111111100000000000000000000
0000000000000000000000111000000111110000111111000011111111111111111111011110000000000000000000000000
0000000000000000000000111000000111110000111111011111111111111111111110011111000000000000000000000000
0000000000000000000001111100001111110000111111000011111100001111111111000111111100000000000000000000
0000000000011111110001111111000111111110001111111000001111100000011110000000111000000011100000000000
0000000000000000000011111000001111110000111111000011111100000111111111001111111100000000000000000000
0000000000000000000001111000001111110000111111000011111101111111111111001111111000000000000000000000
0000000000000000000001111000001111110000111111000011111101111111111111001111111000000000000000000000
0000000000000100000011111100001111110000111111111111111111110111111000011110000000100000000000000000
0000000000000000000011111100001111110011111111111111111111111111111000001111000000000000000000000000
0000000000000000000000111000001111110111111111111111111111101111111000111111000000000000000000000000
0000000000000000000001111100001111111111111111111111111111101111111100111111000000000000000000000000
0000000000000000000001111000001111110000111111000011111111111111111111001111100000000000000000000000
0000000000000000000011111100001111110000111111000011111111111111111111011110000000000000000000000000
0000000000011110000011111100001111110000111111000011111111110111111111001110000000111000000000000000
0000000000000110000011111100001111110000111111000011111111110111111111001111100000111000000000000000
0000000000000000000001111000001111110000111111000011111101111111111111011111111000000000000000000000
0000000000000000000001111000001111110000111111000011111111111111111111001111100000000000000000000000
0000000000000000000011111100001111110000111111000011111111111111111111011110000000000000000000000000
0000000000000000000001111000001111110000111111000011111111111111111111001111111000000000000000000000
0000000000000000000011111100001111110000111111000011111111111111111111011110000000000000000000000000
0000000000000000000001111000001111110000111111000011111111111111111111001111111000000000000000000000
0000000000000000000001111000001111110000111111000011111111111111111111011111100000000000000000000000
0000000000000000000001111000001111110000111111000011111111111111111111011111100000000000000000000000
0000000000000000000001111000001111110000111111000011111111111111111111011111100000000000000000000000
0000000000000000000001111000001111110000111111000011111111111111111111001111100000000000000000000000
0000000000000000000001111000001111110000111111000011111111111111111111001111100000000000000000000000
0000000000000000000000111000001111110000111111000011111101111111111111001111100000000000000000000000
0000000000000000000000110000001111110000111111000011111111111111111111001111000000000000000000000000
0000000000000000000001111000001111110000111111000011111100001111111111001111111100000000000000000000
0000000000000000000011111000001111110000111111000011111100000111111111001111111100000000000000000000
0000000000000000000001111000001111110000111111000011111101111111111111001111111000000000000000000000
0000000000000000000001111000001111110000111111000011111101111111111111001111111000000000000000000000
0000000000000000000000111000001111110000111111000011111111111111111111001111100000000000000000000000
0000000000000000000000111000001111110000111111000011111111111111111111001111000000000000000000000000
0000000000000000000000111000001111110000111111000011111111111111111111001111100000000000000000000000
0000000000000000000001111000001111110000111111000011111111111111111111001111100000000000000000000000
0000000000000000000001111000001111110000111111000011111111111111111111001111100000000000000000000000
0000000000000000000001111000001111110000111111000011111111111111111111001111100000000000000000000000
0000000000000000000000111000001111110000111111000011111111111111111111001111100000000000000000000000
0000000000000000000001111000001111110000111111000011111111111111111111001111100000000000000000000000
0000000000000000000001111000001111110000111111000011111111111111111111001111100000000000000000000000
0000000000000000000000111000000111110000111111000011111111111111111111001111100000000000000000000000
0000000000000000000000110000000111110000111111001111111111111111111110111110000000000000000000000000
0000000000000000000000111100000111110011011111111111111111101111111000111111000000000000000000000000
0000000000000000000001110000001111110000111111000011111111111111111111001111100000000000000000000000
0000000000000000000000110000001111110000111111111111111111111111111000011110000000000000000000000000
0000000000000000000000110000000111110000111111011111111111111111111110011100000000000000000000000000
0000000000000000000000111100000111110000011111111111111111111111111100011111000000000000000000000000
0000000000000000000000111000000111110000111111000011111100001111111111000111111100000000000000000000
0000000000011110000011111110001111111000111111100011111100000111111110000111111100000001110000000000
0000000000001110000011111100001111111000111111100011111100000011111110000011111100000001110000000000
0000000000000000000011111100001111111000111111000011111110000111111111000001111100000000000000000000
0000000000000000000001110000001111110000111111000011111111001111111111001110111100000000000000000000
0000000000000000000000111000001111110000111111000011111110001111111111000111111100000000000000000000
0000000000000000000000111000000111110000111111000011111111101111111111001111111100000000000000000000
0000000000000000000001111000001111110000111111000011111111111111111111001110011100000000000000000000
0000000000000000000001111000001111110000111111000011111111111111111111000110011000000000000000000000
0000000000000000000001110000001111110000111111000011111111111111111111001110000000000000000000000000
0000000000000000000000111000000111111000111111100011111111111111111111001111100000000000000000000000
0000000000000000000000011100001111111000111111100011111111110111111111001111100000000000000000000000
0000000000000000000000011100001111111000111111100011111111110111111111001111100000000000000000000000
0000000000000000000000011100001111111000111111100011111111110111111111001111100000000000000000000000
0000000000000000000001111000001111110000111111000011111111111111111110011111000000000000000000000000
0000000000000000000001111000001111110000111111000011111111111111111111000111000000000000000000000000
0000000000000000000000111000001111110000111111000011111111111111111111001111100000000000000000000000
0000000000000000000000111000001111110000111111000011111111111111111111001111100000000000000000000000
0000000000000000000000011000001111110000111111000011111111111111111111011111100000000000000000000000
0000000000000000000000011000001111110000111111000011111111111111111111111111000000000000000000000000
0000000000000000000000011000001111110000111111000011111111111111111111111111000000000000000000000000
0000000000000000000000011000001111110000111111000011111111111111111111111111000000000000000000000000
0000000000000000000000111000001111110000111111001111111111111111111110001111000000000000000000000000
0000000000000000000001111100001111110000111111011111111111111111111100011111000000000000000000000000
0000000000000000000001111100000111110000111111011111111111111111111100111111000000000000000000000000
0000000000000000000001111100001111110000111111011111111111111111111100111111000000000000000000000000
0000000000000000000001111100000111110011111111111111111111101111111100111111000000000000000000000000
0000000000000000000001111100000111110011111111111111111111101111111100111111000000000000000000000000
0000000000000000000000111100000111110000111111111111111111111111111100111111000000000000000000000000
0000000000000000000000111100000111110000111111011111111111111111111100111111000000000000000000000000
0000000000000000000000111000000111110000111111001111111111111111111110001111000000000000000000000000
0000000000000000000000011000000111110000111111000011111111111111111111001111100000000000000000000000
0000000000000000000000111000001111110000111111000011111110001111111111001111011000000000000000000000
0000000000000000000000111000001111110000111111000011111110001111111111000000011100000000000000000000
0000000000000000000011111000001111110000111111000011111111001111111111000011011100000000000000000000
0000000000000000000011111100001111110000111111000011111111001111111111001011111100000000000000000000
0000000000000000000011111000001111110000111111000011111111001111111111011111111100000000000000000000
0000000000011000000011111000001111110000111111000011111110001111111110011111111100000000110000000000
0000000000011100000011111000001111110000111111000011111110001111111110001111111100000001110000000000
0000000000011000000011111100001111110000111111000011111110001111111110000011111100000000110000000000
0000000000000000000011111100001111110000111111000011111110001111111110000000111100000000000000000000
0000000000000100000001111100001111110000111111000011111110001111111110000001111100000000110000000000
0000000000000000000000010000001111110000111111000011111111101111111111011111011000000000000000000000
0000000000000000000000011000001111110000111111000011111111111111111111011111000000000000000000000000
0000000000000000000000011000000111110000111111000011111111111111111111001111100000000000000000000000
0000000000000000000000011000000111110000111111000011111111111111111111001111100000000000000000000000
0000000000000000000000011000000111110000111111000011111111111111111111001111100000000000000000000000
0000000000000000000000011000000111110000111111000011111111111111111111001111100000000000000000000000
0000000000000000000000011000000111110000111111000011111111111111111111000111100000000000000000000000
0000000000000000000000011000000111110000111111000011111111111111111111000111100000000000000000000000
0000000000000000000000011000000111110000111111000011111111111111111111001111000000000000000000000000
0000000000000000000000111000000111110000111111000011111111111111111111011111100000000000000000000000
0000000000000000000000011000000111110000111111000011111111111111111111001111000000000000000000000000
0000000000000000000000011000000111110000111111000011111111111111111111001111000000000000000000000000
0000000000000000000000011000000111110000111111000011111111111111111111001111000000000000000000000000
0000000000000000000000011000000111110011111111111111111111101111111100001111000000000000000000000000
0000000000000000000000011000000111110000111111111111111111111111111100001111000000000000000000000000
0000000000000000000000011000000111110000111111000011111110001111111111001111111100000000000000000000
0000000000000000000000011000000111110000111111000011111110001111111111001111111100000000000000000000
0000000000000000000000111100000111110000111111000011111110001111111111000011111100000000000000000000
0000000000000000000000111000000111110000111111000011111110001111111111001111111100000000000000000000
0000000000000000000000011000000111110000111111000011111111111111111111001111100000000000000000000000
0000000000000000000000011000000111110000111111111111111111111111111110001111000000000000000000000000
0000000000000000000000011000000111110000111111000011111111111111111111001111000000000000000000000000
0000000000000000000000011000000111111000111111100011111111111111111111011111100000000000000000000000
0000000000000000000000011000000111110000111111000011111111111111111111001111000000000000000000000000
0000000000000000000000011000000111110000111111000011111111111111111111001111000000000000000000000000
0000000000000000000000011000000111110000111111000011111111111111111111001111000000000000000000000000
0000000000000000000000011000000111110000111111000011111111111111111111000111001000000000000000000000
0000000000000000000000111100000111110000111111000011111110001111111111000011111100000000000000000000
0000000000000000000000011000000111110000111111000011111100001111111111011111111100000000000000000000
0000000000000000000000011000000111111000111111111111111111111111111100011111000000000000000000000000
0000000000000000000000011000000111110000111111000011111111111111111111011111000000000000000000000000
0000000000000000000000011000000111110000111111000011111111111111111111111111100000000000000000000000
0000000000000000000000011000001111110000111111000011111111111111111111011111000000000000000000000000
0000000000000000000000011000001111110000111111000011111111111111111111001111000000000000000000000000
0000000000000000000000111000001111110000111111000011111111111111111111011111000000000000000000000000
0000000000000000000000111000001111110000111111001111111111111111111110011111000000000000000000000000
0000000000000000000000111000000111110000111111100011111111111111111111011111111000000000000000000000
0000000000000000000000111000000111111000111111111111111111111111111110001111100000000000000000000000
0000000000000000000000011000000111110000111111000011111111111111111111011111100000000000000000000000
0000000000000000000000011000001111110000111111000011111111111111111111011111000000000000000000000000
0000000000000000000000011000001111110000111111000011111111111111111111011111000000000000000000000000
0000000000000000000000011000001111110000111111000011111111111111111111011111000000000000000000000000
0000000000000000000000010000001111110000111111000011111111111111111111011111000000000000000000000000
0000000000000000000000110000001111110000111111111111111111111111111000111110000000000000000000000000
0000000000000000000000010000001111110000111111000011111111111111111111011111000000000000000000000000
0000000000000000000001111000001111110000111111000011111100001111111111001111111100000000000000000000
0000000000000000000001111000001111110000111111000011111100001111111111001111111100000000000000000000
0000000000000000000000111000001111110000111111000011111100001111111111001111111100000000000000000000
0000000000000000000001111000001111110000111111000011111110001111111111001111111100000000000000000000
0000000000000000000001111000001111110000111111000011111110001111111111000111111100000000000000000000
0000000000000000000001111000001111110000111111100011111110001111111111001111111100000000000000000000
0000000000000000000000010000001111110000111111000011111111111111111111111111000000000000000000000000
0000000000000000000000111000000111111000111111100011111111111111111111001111000000000000000000000000
0000000000000000000000111100000111111000111111100011111111111111111111001111100000000000000000000000
0000000000000000000000111100000111111000111111100011111111111111111111001111111000000000000000000000
0000000000000000000000111000001111110000111111000011111110001111111111001111111100000000000000000000
0000000000000000000001111000001111110000111111000011111111001111111111011110111100000000000000000000
0000000000001100000001111000001111110000111111100011111110001111111110000111111100000001110000000000
0000000000000000000000111100000111111000111111100011111110001111111111000111111100000000000000000000
0000000000000000000000111100000111110000111111111111111111111111111000011100000000000000000000000000
0000000000000000000000010000001111110000111111000011111111111111111111011111000000000000000000000000
0000000000000000000000011000000111110000111111000011111111111111111111111111000000000000000000000000
0000000000000000000000011000000111110000111111000011111111111111111111011111100000000000000000000000
0000000000000000000000011100000111110000111111011111111111111111111100111100000000000000000000000000
0000000000000000000000111000001111110000111111000011111111111111111111001111100000000000000000000000
0000000000000000000000111000001111110000111111000011111100001111111111001111111100000000000000000000
0000000000000000000000010000001111110000111111000011111111101111111111111111111000000000000000000000
0000000000000000000000011000001111110000111111000011111101101111111111111111111000000000000000000000
0000000000000000000000011000001111110000111111000011111111101111111111111111111100000000000000000000
0000000000000000000000011000001111110000111111000011111100001111111111111111111100000000000000000000
0000000000000000000000011000001111110000111111000011111100101111111111111111111100000000000000000000
0000000000000000000000011000001111110000111111000011111100001111111111111111111100000000000000000000
0000000000000000000000011000001111110000111111000011111111101111111111111111111100000000000000000000
0000000000000000000000011000001111110000111111000011111110001111111111111111111100000000000000000000
0000000000000000000000011000001111110000111111000011111111101111111111111111111100000000000000000000
0000000000000000000000011000001111110000111111000011111111101111111111111111111100000000000000000000
0000000000000000000000010000001111110000111111000011111110101111111111111111111100000000000000000000
0000000000000000000000011000001111110000111111000011111111101111111111111111111100000000000000000000
0000000000000000000000010000001111110000111111000011111111101111111111111111111100000000000000000000
0000000000000000000000010000001111110000111111000011111111101111111111111111111100000000000000000000
0000000000000000000000011000001111110000111111000011111111101111111111111111111100000000000000000000
0000000000000000000000010000001111110000111111000011111110001111111111111111111100000000000000000000
0000000000000000000001111000001111110000111111000011111100001111111111000111111100000000000000000000
0000000000000000000000111000001111110000111111000011111110001111111111011111111100000000000000000000
0000000000000000000000010000000111110000111111000011111111111111111111111111000000000000000000000000
0000000000000000000000111000001111110000111111000011111110001111111111011111111100000000000000000000
0000000000000000000000010000000111110000111111000011111111111111111111111111000000000000000000000000
0000000000000000000000110000001111110000111111000011111111111111111111111111100000000000000000000000
0000000000000000000000110000001111110000111111110011111111111111111111111111100000000000000000000000
0000000000000000000000110000001111110000111111000011111111111111111111011111100000000000000000000000
0000000000000000000000110000001111110000111111000011111111111111111111111111100000000000000000000000
0000000000000000000000110000001111110000111111110011111111111111111111111111100000000000000000000000
0000000000000000000000110000001111110000111111000011111111111111111111011111100000000000000000000000
0000000000000000000000110000001111110000111111000011111111111111111111011111100000000000000000000000
0000000000000000000000110000001111110000111111000011111111111111111111111111100000000000000000000000
0000000000000000000000110000001111110000111111000011111111111111111111011111100000000000000000000000
0000000000000000000000110000001111110000111111000011111111111111111111111111100000000000000000000000
0000000000000000000000110000001111110000111111000011111111111111111111111111100000000000000000000000
0000000000000000000000110000001111110000111111000011111111111111111111111111100000000000000000000000
0000000000000000000000110000001111110000111111000011111111111111111111111111100000000000000000000000
0000000000000000000000110000001111110000111111000011111111111111111111111111100000000000000000000000
0000000000000000000000110000001111110000111111000011111111111111111111111111100000000000000000000000
0000000000000000000000110000001111110000111111000011111111111111111111111111100000000000000000000000
0000000000000000000000110000001111110000111111000011111111111111111111111111100000000000000000000000
0000000000000000000000110000001111110000111111000011111111111111111111111111100000000000000000000000
0000000000000000000000110000001111110000111111000011111111111111111111111111100000000000000000000000
0000000000000000000000111000001111110000111111000011111111111111111111001111111000000000000000000000
0000000000000000000000110000001111110000111111000011111111111111111111011111100000000000000000000000
0000000000000000000000010000001111110000111111000011111111111111111111111111100000000000000000000000
0000000000000000000000010000001111110000111111000011111111111111111111111111100000000000000000000000
0000000000000000000000010000001111110000111111000011111111111111111111111111100000000000000000000000
0000000000000000000000010000001111110000111111000011111111111111111111111111100000000000000000000000
0000000000000000000000110000001111110000111111000011111111111111111111011111100000000000000000000000
0000000000000000000000110000001111110000111111000011111111111111111111011111100000000000000000000000
0000000000000000000000110000001111110000111111000011111111111111111111011111100000000000000000000000
0000000000000000000000010000001111110000111111000011111111111111111111011111100000000000000000000000
0000000000000000000000010000001111110000111111000011111111111111111111011111100000000000000000000000
0000000000000000000000110000001111110000111111000011111111111111111111011111100000000000000000000000
0000000000000000000000110000001111110000111111000011111111111111111111001111111000000000000000000000
0000000000000000000001110000001111110000111111000011111101101111111111001111111100000000000000000000
0000000000000000000001111000001111110000111111000011111111111111111111001111100000000000000000000000
0000000000000000000001111000001111110000111111000011111111111111111111001111111000000000000000000000
0000000000000000000001111000001111110000111111000011111111111111111111001111101000000000000000000000
0000000000000000000000110000001111110000111111000011111111111111111111001111100000000000000000000000
0000000000000000000000110000001111110000111111000011111111111111111111000111100000000000000000000000
0000000000000000000000110000001111110000111111000011111111111111111111111111100000000000000000000000
0000000000000000000000110000001111110000111111000011111111111111111111011111000000000000000000000000
0000000000000000000000111000001111110000111111001111111111111111111110011111000000000000000000000000
0000000000000000000000111000001111110000111111000011111111111111111111111111100000000000000000000000
0000000000000000000000111000001111110000111111000011111111101111111111001111111100000000000000000000
0000000000000000000000111000001111110000111111000011111111111111111111010111111000000000000000000000
0000000000000000000000111000001111110000111111000011111111111111111111001111100000000000000000000000
0000000000000000000000111100001111110000111111011111111111111111111110011111000000000000000000000000
0000000000000000000000111000001111110000111111000011111111111111111111011111100000000000000000000000
0000000000000000000000110000001111110000111111000011111111111111111111001111100000000000000000000000
0000000000000000000000110000001111110000111111000011111111111111111111011111100000000000000000000000
0000000000000000000000110000001111110000111111011111111111111111111110011111000000000000000000000000
0000000000000000000000111100001111111000111111100011111111111111111111111111111100000000000000000000
0000000000000000000000110000001111110000111111000011111111111111111111011111100000000000000000000000
0000000000000000000000111000001111110000111111000011111111111111111111011111000000000000000000000000
0000000000000000000000110000001111110000111111000011111111111111111111001111100000000000000000000000
0000000000000000000000111000001111110000111111000011111111111111111111001111100000000000000000000000
0000000000000000000001111100001111110000111111000011111110001111111111001111111100000000000000000000
0000000000000000000000111100001111110000111111000011111111111111111111001111100000000000000000000000
0000000000000000000001111100001111111000111111111111111111111111111110011111100000000000000000000000
0000000000000000000000111100001111110000111111011111111111111111111110001111000000000000000000000000
0000000000000000000000111000001111110000111111011111111111111111111110001111000000000000000000000000
0000000000000000000000111000001111110000111111011111111111111111111110001111000000000000000000000000
0000000000000000000000111000001111110000111111000011111111111111111111001111000000000000000000000000
0000000000000000000000110000001111110000111111000011111111111111111110011111000000000000000000000000
0000000000000000000000111000001111110000111111011111111111111111111110011111000000000000000000000000
0000000000000000000000111000001111110000111111011111111111111111111110011111000000000000000000000000
0000000000000000000000111000001111110000111111011111111111111111111110011111000000000000000000000000
0000000000000000000000111000001111110000111111011111111111111111111110011111000000000000000000000000
0000000000000000000000111000001111110000111111011111111111111111111110000111000000000000000000000000
0000000000000000000000111000001111110000111111011111111111111111111110010111000000000000000000000000
0000000000000000000000111000001111110000111111011111111111111111111110011111000000000000000000000000
0000000000000000000000111000001111110000111111011111111111111111111110010111000000000000000000000000
0000000000000000000000110000001111110000111111001011111111111111111110011111000000000000000000000000
0000000000000000000000111000001111110000111111011111111111111111111110011111000000000000000000000000
0000000000000000000000111000001111110000111111011111111111111111111110111111000000000000000000000000
0000000000000000000000111000001111110000111111011111111111111111111110111111000000000000000000000000
0000000000000000000000111000001111110000111111011111111111111111111110011111000000000000000000000000
0000000000000000000000111000001111110000111111011111111111111111111110111111000000000000000000000000
0000000000000000000000111000001111110000111111011111111111111111111110011111000000000000000000000000
0000000000000000000000111000001111110000111111011111111111111111111110011111000000000000000000000000
0000000000000000000000111000001111110000111111011111111111111111111110011111000000000000000000000000
0000000000000000000000110000001111110000111111011111111111111111111110011111000000000000000000000000
0000000000000000000000111000001111110000111111011111111111111111111110111111000000000000000000000000
0000000000000000000000110000001111110000111111011111111111111111111110111111000000000000000000000000
0000000000000000000000110000001111110000111111011111111111111111111110111111000000000000000000000000
0000000000000000000000110000001111110000111111011111111111111111111110111111000000000000000000000000
0000000000000000000000111000000111110000111111111111111111111111111100111000000000000000000000000000
0000000000000000000000111000000111110000111111000011111111111111111111111111100000000000000000000000
0000000000000000000000111000000111110000111111000011111111111111111111111111100000000000000000000000
0000000000000000000000111000000111110000111111011111111111111111111100111110000000000000000000000000
0000000000000000000000110000000111110000111111000011111111111111111111111110000000000000000000000000
0000000000000000000000111000000111110000111111000011111111111111111110111111000000000000000000000000
0000000000000000000000111000000111110000111111000011111111111111111111111111000000000000000000000000
0000000000000000000001111000001111110000111111000011111100001111111111001111111100000000000000000000
0000000000000000000000110000001111110000111111000011111100001111111111001111111100000000000000000000
0000000000000000000000010000001111110000111111000011111111101111111111000111111100000000000000000000
0000000000000000000000010000001111110000111111000011111111111111111111011111111000000000000000000000
0000000000000000000000010000001111110000111111000011111111111111111111011111111000000000000000000000
0000000000000000000000110000001111110000111111000011111111111111111111001111111000000000000000000000
0000000000000000000000111100001111110000111111000011111111111111111111001111100000000000000000000000
0000000000000000000000111000001111110000111111000011111111111111111111001111100000000000000000000000
0000000000000000000000111100001111110000111111000011111111111111111111011111100000000000000000000000
0000000000000000000000111100001111110000111111100011111111111111111111011111110000000000000000000000
0000000000000000000000111100001111110000111111000011111111111111111111011111110000000000000000000000
0000000000000000000000010000001111110000111111011111111111111111111100111111000000000000000000000000
0000000000000000000000010000001111110000111111000011111111101111111111111111111100000000000000000000
0000000000000000000000011000001111110000111111000011111111111111111111001111000000000000000000000000
0000000000000000000000111000001111110000111111000011111111111111111111001111100000000000000000000000
0000000000000000000000111000001111110000111111000011111111111111111111001111000000000000000000000000
0000000000000000000000111000000111110000111111000011111111111111111111011110000000000000000000000000
0000000000000000000000111000000111110000111111000011111111111111111111011110000000000000000000000000
0000000000000000000000111000000111110000111111011111111111111111111110011111000000000000000000000000
0000000000000000000001111100001111110000111111000011111100001111111111000111111100000000000000000000
