110
0001111000000111100000011110000001111000000111100000011110000001111000000111100000011010000001101000
0001111000000111100000011110000001111000000111100000011110000001111000000111100000011010000001101000
0001111000000111100000011110000001111000000111100000011110000001111000000110100000011010000001001000
0001111000000111100000011110000001111000000111100000011110000001111000000111100000011110000001100000
0001111000000111100000011110000001111000000111100000011110000001111000000111100000011110000001000000
0000111000000111100000011111000001111100000111110000011110000001111000000111100000011110000011000000
0000111100000011110000011111000001111100000111110000011111000001111000000111100000110110000011011000
0000111100000011110000011111000001111100000111110000011111000001111000000111100000110110000011011000
0001110000000111100000011110000001111000000111100000011110000001111000000111100000011010000001000000
0011100000001111000000111110000011111000001111100000011111000001101100000010110000001011000000100000
0011100000001111000000111110000011111000001111100000011111000001101100000010110000001011000001100000
0011100000001111000000111110000011111000001111100000111111000001101100000010110000001011000000100000
1111111111101111100110111110011011111001101111100110011110011001111101100011110110001111011111111111
0001110000001111100000111110000011111000001111100000011110000001111100000011110000001111000000110000
0001110000001111000000111110000011111000001111100000011110000001111100000110110000011011000001100000
0001110000000111100000011110000001111000000111100000011110000001111000000111000000011100000001100000
0001110000000111100000011110000001111000000111100000011110000001111000000111100000011110000000100000
0000111000000011110000011111000001111100000111110000011110000001111100000110100000011010000011001000
0001111000000111100000011110000001111000000111100000011110000001111000000110110000011011000011000000
0001110000001111000000111110000011111000001111100000111110000001111100000110110000011010000001100000
0000111100000011110000001111000001111100000111110000011111000001111000001111100000110110000011011000
0000011100000011110000001111100001111100000111110000011111000001111000001111100000110110000110111000
0000011110000011111000001111100001111110000111111000011111000001111000001101100001111100000110110000
0000011100000011111000001111100001111110000111110000011111000001111000001101100000111100000110110000
0000011100000011111000001111100001111110000111111000011111000001111000001111100000111100000110110000
0000011100000011111000001111100001111110000111110000011111000001111000001101100000111100000110110000
0000011100000011111000001111100001111110000111110000011111000001111000001111100000111100000110110000
0000011100000011110000001111100001111100000111110000011111000001111000001111000000111100000110110000
0000011100000011111000001111100001111110000111110000011111000001111000001111100000111100000110100000
0000011100000011110000001111100001111100000111110000011111000001111000001111000000111100000110100000
0000111000000111110000111111000011111100001111110000111110000001110000000111000000111000000011100000
0000111100000011110000011111000001111100000111110000011110000001111000000111000000111100000011110000
0000011100000011110000011111100001111110000111110000011111000001111000001111100000110110000110011000
0000011100000011110000011111000001111100000111110000011111000001111000001111100000110110000110011000
0000111100000011110000011111000001111100000111110000011111000001111100001111100000111100000011000000
0000011100000011111000011111100001111110000111111000011111000001111100001111100001110110000110011000
0000111100000011110000011111000001111100000111110000011111000001111100001111100000110110000011011000
0000111000000111100000011110000011111100001111110000111111000001111100000111100000011010000011000000
0000111000000111100000011111000011111100001111110000011110000001111000000111100000011110000011010000
0000111000000111100000011111000011111100001111110000011110000001111000000111100000010110000011000000
0000111000000111100000011111000011111100001111110000011110000001111000000111100000011110000011000000
0000111000000111100000011111000011111100001111110000111110000001111000000111100000011110000011000000
0000111000000111100000011111000011111100001111110000111110000001111000000111100000011110000011000000
0000111000000111100000011111000011111100001111110000111110000001111000000111100000011110000011000000
0000111000000111100000011111000011111100001111110000111110000001111000000111100000010110000011010000
0000111100000011110000011111000001111100000111110000011111000001111100000110110000110110000011011000
0000111000000111110000011111000001111100000111110000011110000001111000000111100000111110000011011000
0000111100000011110000011111000001111100000111110000011111000001111100000110110000110011000011001000
0001110000001111100000111110000011111000001111100000111110000001111100000110110000111011000011000000
0000111000000111110000011111000001111100000111110000011111000001111100000110110000111011000011001100
0000111000000111100000011111000011111100001111110000011110000001111000000111100000011110000001011000
0000111000000111110000011111000001111100000111110000011110000001111000000111100000111010000011001000
0000111000000111100000011111000011111100000111110000011110000001111000000111100000111110000011011000
0000111000000111100000011111000011111100001111110000011110000001111000000111100000111110000011011000
0000111000000111100000011111000011111100001111110000011110000001111000000111100000111110000011011000
0000111000000111100000011111000001111100000111110000011110000001111000000111100000011010000011001000
0001111000000111100000011110000001111100000111110000011110000001111000000111100000011010000011001000
0001111000000111100000011110000001111100000111110000011110000001111000000111100000011010000011001000
0011110000001111000000111110000011111000001111100000111110000001111100000110110000011011000001100000
0011100000001111000000111110000011111000001111100000111111000001101100000110110000001001000000100000
0000111000000111100000011111000001111100000111110000011110000001111000000111100000111110000011001000
0000111100000011110000011111000001111100000111110000011111000001111100001111100000110110000011011000
0000011110000011111000001111100001111110000111111000011111000001111100001111100001110110000110010000
0001111000000111100000011110000001111000000111100000011110000001111000000111100000011110000001011000
0000111000000111100000011111000001111100000111110000011110000001111000000111100000111110000011011000
0001111000000111100000011110000001111000000111100000011110000001111000000111100000011110000001011000
0001111000000111100000011110000011111100001111100000011110000001111000000111000000011100000001010000
0000111000000111110000011111000001111100000111110000011110000001111000000111100000011110000011111000
0000111000000011110000011111000001111100000111110000011110000001111000000111100000111010000011001000
0000111000000111110000011111000001111100000111110000011110000001111000000111100000011110000011001000
0000111000000111110000011111000001111100000111110000011110000001111000000111100000111100000011110000
0000111000000011110000011111000001111100000111110000011111000001111100000110110000111011000011001100
0000111000000111110000011111000001111100000111110000011110000001111000000111100000111110000011011000
0001111000000111100000011110000001111000000111100000011110000001111000000111100000011110000001011000
0001111000000111100000011110000001111000000111100000011110000001111000000111100000011110000001111000
0001111000000111100000011110000001111000000111100000011110000001111000000111100000011110000001111000
0011100000001111000000111110000011111000001111100000111111000011111100000011110000001101000000110000
0001110000001111100000111110000011111000001111100000011110000001111000000110110000011011000001100000
0001110000001111100000111110000011111000001111100000111110000001111000000110110000011011000001100000
0001110000000111100000111110000011111000001111100000011110000001111000000110110000011011000001100000
0001110000000111100000011110000001111000000111100000011110000001111000000111100000011010000001100000
0001111000000111100000011110000001111100000111110000011110000001111100000111110000011011000011001000
0001111000000111100000011110000001111000000111100000011110000001111000000111100000011100000001000000
0000011100000011110000001111000001111100000111110000011111000001111000001111100000110110000011010000
0000011110000011111000001111100000111110000011111000011111000011111000001101100001101100000000110000
0000011100000011110000001111000001111100000111110000011111000001111000001111100000110110000011011000
0000111000000111100000011111000001111100000111110000011111000001111000000111100000011110000011010000
0000111100000011110000011111000001111100000111110000011111000001111000001111100000110110000011110000
0001110000000111100000011110000001111000000111100000011110000001111000000011100000011010000001100000
0001110000000111100000011110000011111000001111100000011111000001111100000110110000001111000000110000
0001110000000111100000011110000001111000000111100000011110000001111000000111100000011110000001100000
0001111000000111100000011110000001111100000111110000011111000001111100000110100000011010000011000000
0001110000000111100000011110000011111000001111100000011111000001111000000111100000011010000011000000
0000111000000111100000011111000001111100000111110000011111000001111100000110110000111011000011001100
0001110000000111100000011110000011111100001111110000011110000001111100000110110000011011000011001000
0000111000000111100000011111000001111100000111110000011111000001111100000110110000110011000011001100
0001111000000111100000011110000011111100001111100000011110000001111000000111100000011110000001100000
0000011100000011111000001111100000111110000011111000011111000001111100001110110001110011000110001100
0001110000000111100000111110000011111000001111100000011111000001111100000110110000011011000001100000
0001110000000111100000011110000011111000001111100000011111000001111000000110110000011011000001100000
0001111000000111100000011111000001111100001111110000011111000001111100001110110000110011000011000100
0001110000000111100000011110000001111000000111100000011110000001111000000111100000011110000001101000
0001110000000111100000011110000011111000001111100000011111000001111000000110100000011010000001000000
0000111000000111110000011111000001111100000111110000011111000001111100000111100000011110000011011000
0000111000000111110000011111000001111100000111110000011110000001111000000111100000111110000011011000
0000111000000111110000011111000001111100000111110000011110000001111000000111100000111110000011011000
0001111000000111100000011110000011111000001111100000011110000001111000000111110000011011000011001000
0000111100000011110000011111000001111100000111110000011111000001111000001111100000110110000011011000
0000111000000111110000011111000001111100000111110000011110000001111000000111100000011110000011011000
0000111000000111110000011111000001111100000111110000011110000001111000000111100000011110000011011000
